_back,_rand,_degree,_adpDegree,_FD,_MS,_PR,_DND,_Core
1.0,1.0,1.0,1.0,1.0,1.0,1.0,1.0,1.0
0.999,0.999,0.999,0.999,0.999,0.999,0.999,0.999,0.999
0.998,0.998,0.998,0.998,0.998,0.998,0.998,0.998,0.998
0.914,0.997,0.997,0.997,0.997,0.997,0.997,0.997,0.997
0.913,0.996,0.895,0.895,0.996,0.996,0.996,0.996,0.895
0.912,0.995,0.895,0.895,0.995,0.995,0.995,0.995,0.895
0.911,0.994,0.894,0.894,0.994,0.994,0.994,0.994,0.894
0.91,0.993,0.894,0.894,0.993,0.993,0.993,0.993,0.894
0.909,0.992,0.894,0.894,0.992,0.992,0.992,0.992,0.894
0.908,0.991,0.894,0.893,0.991,0.904,0.988,0.991,0.893
0.907,0.99,0.893,0.892,0.99,0.903,0.987,0.99,0.892
0.906,0.989,0.892,0.892,0.888,0.901,0.986,0.89,0.892
0.905,0.988,0.892,0.887,0.881,0.9,0.985,0.889,0.887
0.904,0.987,0.892,0.886,0.88,0.899,0.984,0.888,0.886
0.903,0.986,0.892,0.885,0.879,0.898,0.983,0.887,0.885
0.902,0.985,0.887,0.876,0.878,0.897,0.98,0.885,0.876
0.901,0.984,0.886,0.876,0.877,0.894,0.979,0.884,0.876
0.9,0.983,0.885,0.876,0.877,0.893,0.977,0.884,0.876
0.899,0.982,0.884,0.876,0.876,0.888,0.975,0.884,0.876
0.898,0.981,0.883,0.875,0.875,0.887,0.975,0.883,0.875
0.897,0.98,0.875,0.875,0.874,0.886,0.972,0.882,0.875
0.895,0.979,0.875,0.874,0.874,0.885,0.972,0.881,0.874
0.894,0.978,0.875,0.873,0.873,0.884,0.971,0.88,0.873
0.892,0.977,0.875,0.872,0.872,0.883,0.97,0.879,0.872
0.891,0.976,0.875,0.871,0.871,0.882,0.968,0.872,0.871
0.89,0.975,0.874,0.87,0.87,0.881,0.965,0.87,0.87
0.889,0.974,0.871,0.867,0.869,0.88,0.965,0.869,0.867
0.888,0.973,0.871,0.866,0.863,0.879,0.964,0.868,0.866
0.886,0.972,0.871,0.865,0.862,0.878,0.96,0.867,0.865
0.885,0.971,0.871,0.864,0.854,0.877,0.957,0.866,0.864
0.884,0.97,0.871,0.864,0.853,0.876,0.956,0.865,0.864
0.883,0.969,0.87,0.863,0.852,0.875,0.955,0.864,0.863
0.882,0.968,0.869,0.862,0.851,0.871,0.954,0.863,0.862
0.881,0.967,0.868,0.861,0.85,0.87,0.951,0.862,0.861
0.88,0.966,0.867,0.86,0.849,0.869,0.949,0.861,0.86
0.879,0.965,0.866,0.86,0.848,0.868,0.946,0.86,0.86
0.877,0.964,0.866,0.86,0.847,0.867,0.945,0.859,0.86
0.876,0.963,0.865,0.855,0.846,0.867,0.944,0.858,0.855
0.875,0.962,0.865,0.855,0.845,0.866,0.943,0.857,0.855
0.874,0.961,0.864,0.854,0.844,0.865,0.942,0.856,0.854
0.873,0.96,0.864,0.854,0.843,0.864,0.941,0.855,0.854
0.872,0.959,0.863,0.853,0.842,0.863,0.94,0.854,0.853
0.871,0.958,0.863,0.852,0.841,0.862,0.939,0.853,0.852
0.87,0.957,0.863,0.851,0.84,0.853,0.937,0.852,0.851
0.869,0.956,0.862,0.851,0.839,0.849,0.936,0.851,0.851
0.868,0.955,0.862,0.851,0.839,0.848,0.934,0.85,0.851
0.867,0.954,0.862,0.85,0.838,0.839,0.934,0.849,0.85
0.866,0.953,0.862,0.849,0.837,0.831,0.93,0.848,0.849
0.865,0.952,0.862,0.848,0.836,0.83,0.927,0.847,0.848
0.864,0.951,0.861,0.847,0.836,0.829,0.925,0.846,0.847
0.863,0.95,0.861,0.846,0.835,0.828,0.924,0.844,0.846
0.858,0.949,0.861,0.845,0.834,0.827,0.92,0.843,0.845
0.851,0.948,0.861,0.844,0.834,0.826,0.92,0.842,0.844
0.85,0.947,0.86,0.843,0.833,0.825,0.915,0.841,0.843
0.849,0.946,0.86,0.843,0.827,0.824,0.909,0.84,0.843
0.849,0.945,0.859,0.842,0.826,0.823,0.909,0.839,0.842
0.848,0.944,0.859,0.841,0.825,0.822,0.908,0.838,0.841
0.847,0.943,0.859,0.841,0.824,0.821,0.907,0.837,0.841
0.845,0.942,0.859,0.841,0.822,0.82,0.901,0.836,0.841
0.844,0.941,0.858,0.84,0.82,0.819,0.898,0.835,0.84
0.843,0.94,0.858,0.839,0.819,0.818,0.894,0.834,0.839
0.842,0.939,0.858,0.839,0.818,0.817,0.894,0.833,0.839
0.841,0.938,0.858,0.839,0.817,0.816,0.891,0.832,0.839
0.838,0.937,0.858,0.839,0.816,0.815,0.889,0.831,0.839
0.836,0.936,0.858,0.838,0.816,0.814,0.887,0.829,0.838
0.831,0.935,0.857,0.836,0.815,0.813,0.883,0.828,0.836
0.829,0.934,0.857,0.835,0.812,0.812,0.883,0.827,0.835
0.828,0.933,0.856,0.828,0.811,0.81,0.883,0.826,0.828
0.827,0.932,0.855,0.827,0.81,0.806,0.877,0.825,0.827
0.826,0.931,0.854,0.826,0.809,0.805,0.874,0.824,0.826
0.825,0.93,0.853,0.825,0.808,0.804,0.873,0.823,0.825
0.824,0.929,0.853,0.824,0.807,0.804,0.871,0.822,0.824
0.823,0.927,0.853,0.823,0.806,0.803,0.871,0.821,0.823
0.822,0.926,0.852,0.823,0.805,0.802,0.868,0.82,0.823
0.821,0.925,0.851,0.82,0.805,0.801,0.866,0.818,0.82
0.815,0.924,0.85,0.82,0.804,0.8,0.866,0.817,0.82
0.814,0.923,0.849,0.819,0.803,0.799,0.865,0.816,0.819
0.813,0.922,0.848,0.818,0.802,0.795,0.859,0.814,0.818
0.812,0.921,0.848,0.816,0.801,0.794,0.853,0.813,0.816
0.81,0.92,0.847,0.816,0.8,0.793,0.853,0.812,0.816
0.809,0.919,0.847,0.816,0.799,0.792,0.853,0.811,0.816
0.808,0.918,0.847,0.816,0.798,0.791,0.843,0.81,0.816
0.807,0.917,0.847,0.815,0.798,0.79,0.843,0.809,0.815
0.806,0.916,0.847,0.814,0.797,0.789,0.843,0.808,0.814
0.805,0.915,0.842,0.813,0.795,0.788,0.831,0.807,0.813
0.804,0.914,0.842,0.812,0.794,0.787,0.831,0.806,0.812
0.803,0.913,0.842,0.811,0.793,0.786,0.831,0.805,0.811
0.802,0.912,0.841,0.811,0.792,0.786,0.828,0.804,0.811
0.801,0.911,0.839,0.81,0.791,0.785,0.821,0.803,0.81
0.8,0.91,0.839,0.809,0.79,0.784,0.821,0.795,0.809
0.799,0.909,0.839,0.809,0.789,0.783,0.82,0.794,0.809
0.799,0.908,0.839,0.808,0.788,0.782,0.816,0.793,0.808
0.798,0.907,0.838,0.807,0.787,0.781,0.815,0.792,0.807
0.797,0.906,0.838,0.806,0.787,0.78,0.811,0.791,0.806
0.785,0.905,0.838,0.806,0.787,0.776,0.811,0.79,0.806
0.783,0.904,0.838,0.805,0.786,0.775,0.811,0.789,0.805
0.782,0.903,0.838,0.804,0.785,0.774,0.797,0.788,0.804
0.78,0.902,0.833,0.803,0.784,0.773,0.797,0.787,0.803
0.779,0.901,0.833,0.802,0.783,0.772,0.797,0.786,0.802
0.778,0.9,0.833,0.801,0.781,0.772,0.797,0.785,0.801
0.777,0.899,0.833,0.8,0.78,0.771,0.793,0.784,0.8
0.776,0.898,0.833,0.799,0.779,0.77,0.793,0.783,0.799
0.776,0.897,0.832,0.798,0.779,0.764,0.792,0.782,0.798
0.773,0.896,0.832,0.797,0.778,0.763,0.791,0.781,0.797
0.772,0.895,0.832,0.796,0.777,0.762,0.786,0.78,0.796
0.771,0.894,0.831,0.795,0.777,0.761,0.786,0.777,0.795
0.766,0.893,0.83,0.794,0.776,0.76,0.786,0.776,0.794
0.765,0.892,0.83,0.793,0.774,0.759,0.786,0.774,0.793
0.761,0.891,0.83,0.792,0.773,0.758,0.784,0.773,0.792
0.76,0.89,0.83,0.791,0.772,0.757,0.784,0.769,0.791
0.759,0.889,0.83,0.79,0.771,0.756,0.784,0.768,0.79
0.757,0.888,0.83,0.789,0.771,0.755,0.78,0.766,0.789
0.757,0.887,0.829,0.788,0.77,0.754,0.78,0.765,0.788
0.756,0.886,0.829,0.788,0.77,0.753,0.78,0.764,0.788
0.755,0.885,0.829,0.786,0.769,0.752,0.779,0.761,0.786
0.754,0.884,0.828,0.785,0.769,0.748,0.778,0.76,0.785
0.753,0.883,0.827,0.784,0.768,0.747,0.777,0.759,0.784
0.752,0.882,0.827,0.783,0.767,0.746,0.776,0.758,0.783
0.751,0.881,0.824,0.782,0.766,0.745,0.772,0.757,0.782
0.75,0.88,0.824,0.781,0.765,0.744,0.772,0.755,0.781
0.747,0.879,0.823,0.779,0.764,0.743,0.772,0.754,0.779
0.746,0.878,0.823,0.778,0.763,0.742,0.772,0.753,0.778
0.745,0.877,0.823,0.777,0.763,0.741,0.77,0.75,0.777
0.744,0.876,0.823,0.777,0.762,0.74,0.77,0.749,0.777
0.741,0.875,0.821,0.776,0.761,0.739,0.768,0.748,0.776
0.738,0.874,0.821,0.775,0.761,0.738,0.768,0.747,0.775
0.737,0.784,0.821,0.774,0.76,0.737,0.767,0.746,0.774
0.732,0.782,0.82,0.773,0.759,0.736,0.766,0.745,0.773
0.731,0.781,0.82,0.772,0.758,0.736,0.758,0.744,0.772
0.73,0.78,0.819,0.771,0.757,0.735,0.756,0.743,0.771
0.721,0.779,0.818,0.77,0.756,0.735,0.756,0.742,0.77
0.715,0.778,0.818,0.769,0.755,0.734,0.754,0.741,0.769
0.714,0.776,0.818,0.768,0.754,0.733,0.752,0.74,0.768
0.713,0.775,0.818,0.767,0.752,0.729,0.747,0.735,0.767
0.712,0.774,0.818,0.767,0.751,0.728,0.747,0.734,0.767
0.711,0.773,0.817,0.766,0.75,0.727,0.747,0.733,0.766
0.71,0.773,0.816,0.765,0.749,0.726,0.747,0.732,0.765
0.709,0.772,0.815,0.764,0.748,0.725,0.743,0.731,0.764
0.705,0.771,0.815,0.762,0.747,0.724,0.743,0.73,0.762
0.703,0.768,0.815,0.761,0.746,0.724,0.743,0.729,0.761
0.702,0.767,0.815,0.76,0.745,0.724,0.741,0.728,0.76
0.687,0.767,0.815,0.759,0.744,0.723,0.741,0.727,0.759
0.679,0.766,0.814,0.758,0.743,0.722,0.734,0.726,0.758
0.678,0.765,0.813,0.757,0.742,0.721,0.734,0.725,0.757
0.677,0.764,0.812,0.757,0.742,0.72,0.734,0.724,0.757
0.676,0.763,0.812,0.757,0.741,0.719,0.732,0.723,0.757
0.665,0.762,0.812,0.756,0.74,0.718,0.723,0.722,0.756
0.664,0.761,0.811,0.755,0.739,0.714,0.722,0.721,0.755
0.656,0.76,0.81,0.754,0.737,0.713,0.721,0.72,0.754
0.655,0.758,0.809,0.753,0.736,0.712,0.72,0.719,0.753
0.654,0.757,0.809,0.751,0.729,0.711,0.719,0.719,0.751
0.625,0.757,0.809,0.75,0.728,0.71,0.719,0.717,0.75
0.625,0.756,0.809,0.749,0.727,0.709,0.706,0.715,0.749
0.624,0.755,0.808,0.748,0.726,0.708,0.705,0.714,0.748
0.623,0.755,0.808,0.746,0.725,0.707,0.703,0.713,0.746
0.615,0.753,0.807,0.745,0.724,0.704,0.7,0.71,0.745
0.614,0.752,0.807,0.744,0.723,0.704,0.7,0.709,0.744
0.613,0.745,0.807,0.743,0.722,0.703,0.694,0.708,0.743
0.556,0.744,0.806,0.742,0.721,0.69,0.694,0.707,0.742
0.556,0.743,0.805,0.741,0.72,0.689,0.694,0.706,0.741
0.556,0.742,0.804,0.74,0.719,0.688,0.694,0.705,0.74
0.555,0.741,0.804,0.739,0.712,0.687,0.681,0.704,0.739
0.549,0.74,0.803,0.738,0.711,0.686,0.675,0.701,0.738
0.547,0.739,0.802,0.737,0.71,0.683,0.674,0.7,0.737
0.546,0.738,0.802,0.735,0.708,0.683,0.673,0.699,0.735
0.545,0.737,0.802,0.733,0.707,0.682,0.672,0.698,0.733
0.544,0.736,0.801,0.733,0.706,0.681,0.67,0.697,0.733
0.536,0.734,0.8,0.732,0.704,0.681,0.667,0.696,0.732
0.535,0.733,0.8,0.731,0.703,0.681,0.667,0.695,0.731
0.529,0.732,0.8,0.73,0.702,0.681,0.667,0.688,0.73
0.524,0.731,0.8,0.728,0.702,0.68,0.663,0.687,0.728
0.517,0.73,0.798,0.727,0.701,0.678,0.663,0.686,0.727
0.516,0.73,0.798,0.727,0.7,0.673,0.663,0.684,0.727
0.513,0.727,0.797,0.726,0.698,0.673,0.66,0.683,0.726
0.508,0.726,0.796,0.723,0.697,0.673,0.657,0.682,0.723
0.481,0.725,0.795,0.722,0.696,0.672,0.657,0.681,0.722
0.476,0.724,0.794,0.721,0.695,0.671,0.654,0.68,0.721
0.473,0.722,0.794,0.72,0.692,0.669,0.654,0.679,0.72
0.473,0.722,0.793,0.719,0.691,0.667,0.651,0.678,0.719
0.471,0.721,0.793,0.718,0.69,0.666,0.65,0.673,0.718
0.467,0.72,0.793,0.717,0.689,0.664,0.65,0.672,0.717
0.465,0.719,0.793,0.713,0.688,0.663,0.648,0.671,0.713
0.427,0.719,0.793,0.712,0.687,0.662,0.648,0.67,0.712
0.426,0.718,0.792,0.711,0.686,0.661,0.648,0.669,0.711
0.425,0.717,0.791,0.71,0.685,0.66,0.648,0.665,0.71
0.425,0.717,0.791,0.709,0.684,0.659,0.646,0.661,0.709
0.423,0.716,0.79,0.707,0.683,0.659,0.646,0.659,0.707
0.422,0.715,0.79,0.706,0.682,0.658,0.645,0.657,0.706
0.414,0.714,0.79,0.703,0.681,0.656,0.641,0.657,0.703
0.414,0.713,0.79,0.703,0.677,0.655,0.639,0.656,0.703
0.409,0.713,0.789,0.703,0.676,0.654,0.639,0.655,0.703
0.33,0.712,0.788,0.702,0.673,0.653,0.503,0.654,0.702
0.33,0.71,0.787,0.7,0.672,0.649,0.501,0.653,0.7
0.325,0.709,0.787,0.699,0.671,0.648,0.498,0.653,0.699
0.314,0.708,0.787,0.698,0.671,0.646,0.493,0.652,0.698
0.314,0.705,0.787,0.696,0.671,0.645,0.492,0.651,0.696
0.31,0.705,0.786,0.695,0.669,0.645,0.488,0.65,0.695
0.31,0.704,0.786,0.694,0.668,0.644,0.481,0.649,0.694
0.302,0.703,0.785,0.689,0.667,0.643,0.477,0.645,0.689
0.287,0.703,0.784,0.688,0.666,0.642,0.477,0.644,0.688
0.285,0.703,0.783,0.682,0.663,0.641,0.477,0.644,0.682
0.285,0.702,0.782,0.681,0.661,0.632,0.475,0.644,0.681
0.285,0.701,0.782,0.68,0.659,0.631,0.471,0.643,0.68
0.285,0.7,0.782,0.679,0.658,0.63,0.469,0.642,0.679
0.285,0.7,0.781,0.675,0.657,0.625,0.469,0.641,0.675
0.284,0.7,0.78,0.671,0.656,0.624,0.464,0.64,0.671
0.284,0.699,0.779,0.67,0.656,0.623,0.464,0.639,0.67
0.284,0.691,0.778,0.669,0.651,0.619,0.46,0.632,0.669
0.284,0.69,0.778,0.666,0.65,0.618,0.46,0.628,0.666
0.283,0.689,0.777,0.665,0.649,0.617,0.46,0.627,0.665
0.271,0.688,0.776,0.664,0.647,0.617,0.456,0.625,0.664
0.271,0.686,0.775,0.659,0.645,0.616,0.454,0.625,0.659
0.27,0.686,0.774,0.654,0.642,0.615,0.449,0.624,0.654
0.27,0.685,0.773,0.653,0.642,0.614,0.449,0.623,0.653
0.27,0.684,0.772,0.652,0.624,0.61,0.447,0.618,0.652
0.269,0.683,0.771,0.65,0.623,0.61,0.441,0.617,0.65
0.265,0.682,0.77,0.648,0.621,0.609,0.439,0.616,0.648
0.265,0.681,0.769,0.643,0.621,0.598,0.419,0.614,0.643
0.263,0.681,0.768,0.636,0.62,0.598,0.419,0.61,0.636
0.26,0.681,0.767,0.629,0.619,0.598,0.416,0.609,0.629
0.26,0.68,0.767,0.625,0.614,0.595,0.412,0.608,0.625
0.259,0.679,0.767,0.624,0.613,0.594,0.405,0.607,0.624
0.259,0.678,0.767,0.618,0.612,0.593,0.405,0.606,0.618
0.259,0.677,0.766,0.616,0.611,0.592,0.405,0.604,0.616
0.259,0.677,0.765,0.613,0.61,0.591,0.405,0.603,0.613
0.257,0.677,0.764,0.609,0.606,0.59,0.405,0.602,0.609
0.224,0.675,0.763,0.608,0.606,0.589,0.391,0.601,0.608
0.224,0.675,0.762,0.607,0.606,0.588,0.391,0.598,0.607
0.224,0.674,0.761,0.607,0.606,0.587,0.391,0.597,0.607
0.223,0.673,0.76,0.606,0.605,0.586,0.391,0.596,0.606
0.223,0.672,0.759,0.605,0.604,0.585,0.391,0.591,0.605
0.212,0.671,0.758,0.604,0.602,0.584,0.391,0.59,0.604
0.205,0.67,0.757,0.603,0.601,0.583,0.391,0.589,0.603
0.204,0.666,0.756,0.602,0.601,0.582,0.385,0.588,0.602
0.204,0.665,0.756,0.598,0.6,0.578,0.385,0.588,0.598
0.191,0.664,0.755,0.597,0.599,0.577,0.385,0.586,0.597
0.191,0.663,0.754,0.596,0.598,0.57,0.385,0.585,0.596
0.075,0.663,0.753,0.595,0.597,0.57,0.385,0.584,0.595
0.075,0.662,0.752,0.594,0.592,0.57,0.385,0.584,0.594
0.075,0.661,0.751,0.593,0.592,0.565,0.385,0.583,0.593
0.075,0.66,0.75,0.592,0.591,0.565,0.385,0.582,0.592
0.075,0.659,0.749,0.591,0.59,0.565,0.385,0.581,0.591
0.075,0.658,0.748,0.588,0.581,0.564,0.385,0.58,0.588
0.032,0.658,0.747,0.571,0.581,0.564,0.385,0.579,0.571
0.032,0.657,0.747,0.57,0.58,0.562,0.385,0.578,0.57
0.032,0.657,0.746,0.561,0.579,0.557,0.385,0.577,0.561
0.032,0.656,0.745,0.56,0.579,0.557,0.385,0.574,0.56
0.032,0.655,0.744,0.56,0.579,0.556,0.383,0.57,0.56
0.032,0.654,0.743,0.559,0.579,0.555,0.383,0.569,0.559
0.032,0.653,0.742,0.558,0.576,0.554,0.383,0.565,0.558
0.032,0.653,0.741,0.555,0.575,0.553,0.38,0.564,0.555
0.022,0.652,0.74,0.554,0.574,0.548,0.377,0.56,0.554
0.02,0.651,0.739,0.552,0.574,0.546,0.373,0.559,0.552
0.02,0.65,0.739,0.548,0.574,0.541,0.373,0.558,0.548
0.02,0.65,0.738,0.548,0.574,0.535,0.367,0.558,0.548
0.009,0.649,0.737,0.548,0.574,0.534,0.367,0.558,0.548
0.009,0.646,0.736,0.548,0.574,0.532,0.364,0.558,0.548
0.009,0.646,0.735,0.547,0.573,0.531,0.364,0.558,0.547
0.009,0.645,0.734,0.546,0.573,0.53,0.364,0.556,0.546
0.007,0.644,0.733,0.545,0.572,0.529,0.364,0.546,0.545
0.007,0.643,0.732,0.544,0.571,0.529,0.36,0.543,0.544
0.007,0.642,0.732,0.535,0.57,0.525,0.321,0.542,0.535
0.007,0.641,0.731,0.535,0.569,0.525,0.321,0.54,0.535
0.007,0.639,0.729,0.534,0.568,0.521,0.321,0.54,0.534
0.007,0.638,0.728,0.533,0.567,0.52,0.321,0.54,0.533
0.007,0.637,0.727,0.532,0.564,0.52,0.321,0.539,0.532
0.007,0.635,0.726,0.531,0.559,0.519,0.321,0.531,0.531
0.007,0.634,0.726,0.517,0.558,0.517,0.321,0.527,0.517
0.007,0.632,0.726,0.517,0.557,0.515,0.321,0.525,0.517
0.007,0.632,0.725,0.516,0.556,0.513,0.321,0.523,0.516
0.007,0.631,0.724,0.515,0.554,0.513,0.321,0.522,0.515
0.007,0.63,0.723,0.515,0.553,0.505,0.321,0.519,0.515
0.007,0.629,0.722,0.514,0.552,0.505,0.321,0.518,0.514
0.007,0.628,0.721,0.512,0.55,0.505,0.321,0.517,0.512
0.007,0.627,0.72,0.509,0.547,0.501,0.265,0.516,0.509
0.007,0.626,0.719,0.508,0.547,0.501,0.265,0.515,0.508
0.007,0.625,0.718,0.507,0.547,0.5,0.265,0.514,0.507
0.007,0.624,0.717,0.506,0.547,0.497,0.265,0.513,0.506
0.007,0.623,0.716,0.505,0.546,0.496,0.265,0.511,0.505
0.007,0.622,0.715,0.504,0.545,0.492,0.265,0.51,0.504
0.005,0.621,0.715,0.503,0.543,0.492,0.259,0.508,0.503
0.005,0.62,0.714,0.502,0.541,0.492,0.255,0.506,0.502
0.005,0.619,0.713,0.502,0.541,0.492,0.255,0.506,0.502
0.005,0.618,0.712,0.496,0.539,0.491,0.255,0.503,0.496
0.005,0.617,0.711,0.488,0.538,0.491,0.247,0.502,0.488
0.005,0.616,0.71,0.487,0.538,0.488,0.221,0.501,0.487
0.005,0.615,0.709,0.486,0.538,0.488,0.221,0.498,0.486
0.005,0.614,0.708,0.482,0.538,0.488,0.221,0.498,0.482
0.005,0.613,0.706,0.481,0.538,0.488,0.221,0.497,0.481
0.005,0.613,0.706,0.481,0.537,0.488,0.219,0.496,0.481
0.005,0.612,0.705,0.479,0.536,0.485,0.219,0.495,0.479
0.005,0.611,0.705,0.478,0.533,0.484,0.219,0.493,0.478
0.005,0.606,0.704,0.476,0.532,0.47,0.219,0.49,0.471
0.005,0.605,0.703,0.468,0.531,0.463,0.219,0.49,0.47
0.005,0.601,0.702,0.467,0.529,0.458,0.217,0.489,0.457
0.005,0.6,0.701,0.454,0.528,0.439,0.212,0.488,0.456
0.005,0.599,0.699,0.453,0.527,0.438,0.212,0.488,0.449
0.005,0.598,0.698,0.446,0.527,0.438,0.212,0.487,0.447
0.005,0.597,0.697,0.444,0.526,0.436,0.212,0.487,0.446
0.005,0.596,0.696,0.443,0.525,0.432,0.212,0.486,0.446
0.005,0.592,0.695,0.443,0.525,0.427,0.212,0.484,0.446
0.005,0.591,0.694,0.443,0.52,0.427,0.205,0.483,0.442
0.005,0.59,0.693,0.439,0.52,0.426,0.205,0.482,0.434
0.005,0.589,0.692,0.431,0.52,0.426,0.205,0.482,0.429
0.005,0.588,0.691,0.426,0.52,0.425,0.205,0.481,0.429
0.005,0.586,0.69,0.426,0.52,0.424,0.205,0.479,0.429
0.005,0.585,0.689,0.426,0.519,0.423,0.205,0.479,0.427
0.005,0.584,0.687,0.424,0.519,0.42,0.205,0.478,0.426
0.005,0.583,0.686,0.423,0.516,0.42,0.205,0.476,0.393
0.005,0.582,0.685,0.39,0.516,0.414,0.205,0.476,0.393
0.005,0.579,0.683,0.39,0.515,0.413,0.205,0.472,0.393
0.005,0.578,0.682,0.39,0.514,0.409,0.182,0.468,0.392
0.005,0.576,0.681,0.389,0.512,0.406,0.182,0.467,0.392
0.005,0.575,0.68,0.389,0.511,0.406,0.182,0.466,0.39
0.005,0.574,0.679,0.387,0.511,0.404,0.182,0.465,0.384
0.005,0.573,0.678,0.381,0.51,0.395,0.182,0.463,0.384
0.005,0.57,0.677,0.381,0.51,0.394,0.18,0.46,0.382
0.005,0.569,0.675,0.379,0.509,0.393,0.18,0.454,0.381
0.005,0.566,0.674,0.377,0.505,0.39,0.18,0.453,0.377
0.005,0.566,0.673,0.376,0.502,0.389,0.18,0.453,0.377
0.005,0.565,0.672,0.372,0.502,0.383,0.18,0.45,0.376
0.005,0.565,0.671,0.372,0.497,0.383,0.18,0.444,0.358
0.005,0.563,0.67,0.371,0.487,0.361,0.18,0.443,0.358
0.005,0.562,0.669,0.371,0.486,0.361,0.18,0.425,0.358
0.005,0.561,0.668,0.353,0.483,0.36,0.18,0.425,0.357
0.005,0.56,0.667,0.353,0.48,0.359,0.18,0.422,0.357
0.005,0.558,0.666,0.353,0.479,0.359,0.18,0.42,0.354
0.005,0.556,0.665,0.352,0.474,0.359,0.18,0.42,0.352
0.005,0.554,0.664,0.352,0.465,0.357,0.18,0.419,0.325
0.005,0.553,0.663,0.352,0.464,0.356,0.156,0.416,0.314
0.005,0.553,0.662,0.349,0.46,0.355,0.156,0.415,0.314
0.005,0.551,0.661,0.345,0.46,0.355,0.156,0.413,0.303
0.005,0.55,0.66,0.345,0.46,0.353,0.156,0.413,0.301
0.005,0.55,0.659,0.318,0.459,0.352,0.156,0.411,0.292
0.005,0.549,0.658,0.307,0.424,0.352,0.156,0.411,0.286
0.005,0.548,0.656,0.307,0.424,0.35,0.156,0.41,0.271
0.005,0.543,0.655,0.297,0.418,0.35,0.156,0.41,0.271
0.005,0.542,0.653,0.295,0.418,0.349,0.156,0.404,0.271
0.005,0.541,0.652,0.287,0.418,0.347,0.156,0.403,0.271
0.005,0.541,0.65,0.285,0.416,0.342,0.156,0.402,0.271
0.005,0.54,0.649,0.278,0.414,0.341,0.156,0.4,0.271
0.005,0.539,0.648,0.263,0.414,0.336,0.156,0.39,0.271
0.005,0.538,0.647,0.263,0.414,0.335,0.156,0.39,0.267
0.005,0.534,0.646,0.263,0.41,0.333,0.156,0.39,0.267
0.005,0.534,0.645,0.263,0.408,0.332,0.154,0.389,0.267
0.005,0.531,0.644,0.263,0.405,0.33,0.154,0.388,0.25
0.005,0.531,0.643,0.263,0.402,0.323,0.154,0.388,0.25
0.005,0.53,0.642,0.263,0.401,0.322,0.154,0.385,0.25
0.005,0.529,0.641,0.259,0.401,0.322,0.154,0.385,0.25
0.005,0.528,0.639,0.259,0.401,0.321,0.154,0.383,0.25
0.005,0.526,0.638,0.259,0.401,0.317,0.154,0.382,0.249
0.005,0.525,0.637,0.242,0.401,0.312,0.147,0.381,0.246
0.005,0.524,0.636,0.242,0.388,0.298,0.147,0.379,0.245
0.005,0.521,0.635,0.242,0.388,0.297,0.147,0.378,0.239
0.005,0.518,0.634,0.242,0.388,0.295,0.147,0.377,0.238
0.005,0.518,0.633,0.241,0.388,0.286,0.147,0.376,0.236
0.005,0.517,0.632,0.238,0.388,0.281,0.147,0.375,0.232
0.005,0.516,0.631,0.234,0.388,0.281,0.147,0.373,0.217
0.005,0.515,0.63,0.228,0.388,0.281,0.143,0.37,0.217
0.005,0.515,0.629,0.227,0.371,0.279,0.143,0.369,0.217
0.005,0.51,0.628,0.223,0.371,0.276,0.143,0.368,0.217
0.005,0.504,0.627,0.08,0.371,0.275,0.143,0.367,0.216
0.005,0.504,0.626,0.08,0.371,0.274,0.14,0.366,0.215
0.005,0.503,0.625,0.08,0.371,0.274,0.14,0.366,0.214
0.005,0.502,0.624,0.08,0.369,0.264,0.14,0.365,0.214
0.005,0.502,0.623,0.08,0.369,0.263,0.14,0.365,0.213
0.005,0.501,0.622,0.08,0.369,0.262,0.14,0.364,0.213
0.005,0.5,0.621,0.08,0.366,0.262,0.14,0.361,0.213
0.005,0.499,0.62,0.079,0.364,0.259,0.14,0.361,0.212
0.005,0.498,0.619,0.079,0.364,0.258,0.14,0.36,0.211
0.005,0.497,0.618,0.078,0.36,0.247,0.14,0.36,0.209
0.005,0.495,0.617,0.077,0.36,0.243,0.14,0.359,0.202
0.005,0.493,0.616,0.074,0.36,0.243,0.14,0.355,0.202
0.005,0.492,0.615,0.073,0.36,0.236,0.14,0.354,0.075
0.005,0.491,0.614,0.073,0.36,0.232,0.14,0.352,0.075
0.005,0.489,0.613,0.073,0.36,0.231,0.128,0.351,0.075
0.005,0.488,0.61,0.073,0.36,0.229,0.128,0.351,0.075
0.005,0.488,0.609,0.073,0.36,0.227,0.128,0.35,0.075
0.005,0.487,0.608,0.073,0.36,0.223,0.128,0.339,0.075
0.005,0.486,0.607,0.073,0.36,0.223,0.128,0.339,0.075
0.005,0.485,0.607,0.073,0.36,0.223,0.128,0.337,0.075
0.005,0.484,0.607,0.073,0.36,0.221,0.128,0.337,0.073
0.005,0.483,0.606,0.071,0.344,0.159,0.128,0.336,0.073
0.005,0.482,0.605,0.071,0.344,0.159,0.128,0.335,0.073
0.005,0.475,0.604,0.071,0.343,0.157,0.128,0.312,0.073
0.005,0.474,0.603,0.071,0.343,0.152,0.128,0.312,0.073
0.005,0.473,0.602,0.071,0.343,0.152,0.128,0.311,0.073
0.005,0.473,0.601,0.071,0.342,0.151,0.128,0.311,0.073
0.005,0.47,0.6,0.071,0.331,0.149,0.128,0.311,0.073
0.005,0.47,0.597,0.071,0.331,0.143,0.128,0.311,0.035
0.005,0.469,0.596,0.071,0.331,0.134,0.128,0.311,0.035
0.005,0.468,0.595,0.071,0.326,0.134,0.128,0.309,0.035
0.005,0.464,0.592,0.036,0.316,0.13,0.128,0.305,0.035
0.005,0.463,0.59,0.036,0.316,0.126,0.128,0.304,0.035
0.005,0.462,0.589,0.036,0.316,0.126,0.128,0.304,0.035
0.005,0.461,0.588,0.036,0.316,0.125,0.128,0.303,0.035
0.005,0.46,0.588,0.036,0.305,0.125,0.128,0.298,0.035
0.005,0.458,0.586,0.036,0.305,0.115,0.128,0.297,0.035
0.005,0.456,0.585,0.036,0.305,0.113,0.128,0.297,0.035
0.005,0.456,0.585,0.036,0.305,0.112,0.128,0.296,0.035
0.005,0.455,0.584,0.036,0.303,0.057,0.128,0.296,0.035
0.005,0.455,0.583,0.036,0.274,0.056,0.128,0.294,0.035
0.005,0.45,0.58,0.036,0.274,0.056,0.128,0.293,0.035
0.005,0.45,0.579,0.036,0.274,0.056,0.128,0.292,0.035
0.005,0.449,0.578,0.036,0.273,0.056,0.128,0.288,0.035
0.005,0.448,0.576,0.036,0.247,0.052,0.128,0.286,0.035
0.005,0.445,0.575,0.036,0.247,0.051,0.128,0.286,0.035
0.005,0.427,0.575,0.036,0.247,0.05,0.125,0.286,0.034
0.005,0.427,0.575,0.036,0.247,0.049,0.125,0.286,0.034
0.005,0.421,0.574,0.036,0.247,0.045,0.119,0.285,0.034
0.005,0.418,0.573,0.036,0.247,0.044,0.119,0.285,0.034
0.005,0.417,0.571,0.036,0.247,0.033,0.119,0.285,0.033
0.005,0.415,0.57,0.036,0.225,0.033,0.119,0.285,0.033
0.005,0.414,0.568,0.036,0.202,0.031,0.119,0.285,0.033
0.005,0.413,0.567,0.036,0.202,0.031,0.119,0.258,0.033
0.005,0.411,0.561,0.035,0.202,0.026,0.119,0.257,0.033
0.005,0.41,0.559,0.035,0.202,0.026,0.119,0.257,0.033
0.005,0.407,0.559,0.035,0.202,0.026,0.119,0.257,0.033
0.005,0.404,0.558,0.035,0.202,0.024,0.119,0.257,0.033
0.005,0.404,0.553,0.03,0.202,0.024,0.119,0.257,0.033
0.005,0.403,0.552,0.03,0.178,0.024,0.119,0.256,0.033
0.005,0.403,0.55,0.03,0.178,0.016,0.119,0.256,0.033
0.005,0.403,0.548,0.03,0.169,0.014,0.119,0.256,0.033
0.005,0.403,0.547,0.03,0.169,0.011,0.119,0.251,0.033
0.005,0.403,0.546,0.03,0.169,0.011,0.119,0.251,0.033
0.005,0.402,0.545,0.03,0.169,0.011,0.111,0.251,0.033
0.005,0.4,0.543,0.03,0.169,0.011,0.111,0.249,0.033
0.005,0.398,0.541,0.03,0.169,0.011,0.111,0.249,0.033
0.005,0.397,0.54,0.03,0.169,0.011,0.111,0.244,0.033
0.005,0.395,0.539,0.03,0.169,0.011,0.107,0.244,0.033
0.005,0.394,0.538,0.03,0.169,0.011,0.107,0.244,0.033
0.005,0.393,0.536,0.03,0.162,0.011,0.107,0.244,0.033
0.005,0.392,0.535,0.03,0.162,0.01,0.107,0.244,0.033
0.005,0.391,0.532,0.03,0.162,0.009,0.107,0.244,0.033
0.005,0.389,0.531,0.03,0.162,0.007,0.107,0.244,0.033
0.005,0.389,0.53,0.03,0.162,0.007,0.107,0.243,0.033
0.005,0.385,0.529,0.03,0.162,0.004,0.107,0.243,0.011
0.005,0.384,0.528,0.03,0.162,0.004,0.107,0.243,0.007
0.005,0.383,0.527,0.03,0.162,0.004,0.107,0.243,0.007
0.005,0.383,0.527,0.03,0.162,0.004,0.107,0.243,0.007
0.005,0.378,0.526,0.03,0.162,0.004,0.107,0.24,0.007
0.005,0.378,0.525,0.03,0.162,0.004,0.104,0.239,0.001
0.005,0.376,0.524,0.008,0.162,0.003,0.104,0.237,0.001
0.005,0.374,0.523,0.006,0.162,0.003,0.104,0.237,0.001
0.005,0.373,0.523,0.006,0.162,0.003,0.104,0.237,0.001
0.005,0.37,0.521,0.006,0.16,0.003,0.097,0.234,0.001
0.005,0.37,0.52,0.006,0.16,0.003,0.097,0.234,0.001
0.005,0.369,0.519,0.006,0.157,0.003,0.097,0.234,0.001
0.005,0.368,0.518,0.006,0.157,0.003,0.097,0.234,0.001
0.002,0.364,0.518,0.006,0.157,0.003,0.097,0.228,0.001
0.002,0.361,0.517,0.001,0.157,0.003,0.097,0.228,0.001
0.002,0.361,0.516,0.001,0.156,0.003,0.097,0.228,0.001
0.002,0.36,0.515,0.001,0.156,0.003,0.097,0.213,0.001
0.002,0.359,0.514,0.001,0.156,0.003,0.097,0.213,0.001
0.002,0.357,0.512,0.001,0.156,0.003,0.097,0.175,0.001
0.002,0.356,0.511,0.001,0.156,0.003,0.097,0.175,0.001
0.002,0.354,0.51,0.001,0.156,0.003,0.097,0.175,0.001
0.002,0.352,0.507,0.001,0.156,0.003,0.097,0.172,0.001
0.002,0.351,0.506,0.001,0.156,0.003,0.097,0.172,0.001
0.002,0.351,0.505,0.001,0.156,0.003,0.097,0.172,0.001
0.002,0.351,0.504,0.001,0.156,0.003,0.097,0.172,0.001
0.002,0.35,0.501,0.001,0.154,0.003,0.097,0.172,0.001
0.002,0.347,0.5,0.001,0.154,0.003,0.097,0.172,0.001
0.002,0.346,0.499,0.001,0.154,0.003,0.097,0.167,0.001
0.002,0.345,0.498,0.001,0.154,0.003,0.097,0.165,0.001
0.002,0.344,0.497,0.001,0.154,0.003,0.097,0.165,0.001
0.002,0.344,0.496,0.001,0.154,0.003,0.097,0.164,0.001
0.002,0.344,0.494,0.001,0.154,0.003,0.095,0.16,0.001
0.002,0.343,0.493,0.001,0.154,0.003,0.085,0.159,0.001
0.002,0.34,0.491,0.001,0.154,0.003,0.085,0.159,0.001
0.002,0.34,0.49,0.001,0.153,0.003,0.085,0.159,0.001
0.002,0.338,0.489,0.001,0.152,0.003,0.08,0.159,0.001
0.002,0.337,0.488,0.001,0.14,0.003,0.08,0.159,0.001
0.002,0.336,0.487,0.001,0.14,0.003,0.08,0.159,0.001
0.002,0.336,0.485,0.001,0.14,0.003,0.063,0.15,0.001
0.002,0.335,0.483,0.001,0.14,0.003,0.063,0.15,0.001
0.002,0.334,0.482,0.001,0.14,0.003,0.063,0.15,0.001
0.002,0.333,0.481,0.001,0.139,0.003,0.063,0.106,0.001
0.002,0.332,0.48,0.001,0.135,0.003,0.063,0.099,0.001
0.002,0.331,0.479,0.001,0.135,0.003,0.063,0.099,0.001
0.002,0.326,0.478,0.001,0.135,0.003,0.063,0.099,0.001
0.002,0.325,0.477,0.001,0.135,0.003,0.044,0.099,0.001
0.002,0.323,0.475,0.001,0.135,0.003,0.044,0.099,0.001
0.002,0.32,0.474,0.001,0.134,0.003,0.044,0.099,0.001
0.002,0.319,0.473,0.001,0.133,0.003,0.044,0.099,0.001
0.002,0.319,0.471,0.001,0.133,0.003,0.044,0.091,0.001
0.002,0.318,0.469,0.001,0.133,0.003,0.044,0.089,0.001
0.002,0.317,0.468,0.001,0.133,0.003,0.044,0.089,0.001
0.002,0.317,0.465,0.001,0.133,0.003,0.044,0.089,0.001
0.002,0.316,0.464,0.001,0.133,0.003,0.044,0.089,0.001
0.002,0.316,0.462,0.001,0.131,0.003,0.044,0.089,0.001
0.002,0.316,0.462,0.001,0.131,0.003,0.044,0.089,0.001
0.002,0.316,0.462,0.001,0.131,0.003,0.044,0.089,0.001
0.002,0.316,0.456,0.001,0.131,0.003,0.044,0.089,0.001
0.002,0.315,0.452,0.001,0.131,0.003,0.044,0.089,0.001
0.002,0.312,0.45,0.001,0.131,0.003,0.044,0.089,0.001
0.002,0.311,0.45,0.001,0.131,0.003,0.044,0.089,0.001
0.002,0.311,0.397,0.001,0.131,0.003,0.044,0.089,0.001
0.002,0.31,0.39,0.001,0.131,0.003,0.044,0.089,0.001
0.002,0.31,0.39,0.001,0.131,0.003,0.044,0.089,0.001
0.002,0.309,0.39,0.001,0.13,0.003,0.044,0.089,0.001
0.002,0.307,0.39,0.001,0.13,0.003,0.044,0.089,0.001
0.002,0.306,0.39,0.001,0.126,0.003,0.044,0.089,0.001
0.002,0.304,0.39,0.001,0.126,0.003,0.044,0.089,0.001
0.002,0.297,0.389,0.001,0.126,0.003,0.044,0.089,0.001
0.002,0.296,0.383,0.001,0.126,0.003,0.044,0.089,0.001
0.002,0.296,0.383,0.001,0.126,0.003,0.044,0.089,0.001
0.002,0.295,0.383,0.001,0.126,0.003,0.044,0.089,0.001
0.002,0.293,0.383,0.001,0.125,0.003,0.044,0.089,0.001
0.002,0.292,0.383,0.001,0.125,0.003,0.044,0.088,0.001
0.002,0.292,0.383,0.001,0.125,0.003,0.044,0.088,0.001
0.002,0.292,0.383,0.001,0.125,0.003,0.044,0.088,0.001
0.002,0.291,0.383,0.001,0.125,0.003,0.044,0.088,0.001
0.002,0.291,0.381,0.001,0.125,0.003,0.044,0.088,0.001
0.002,0.291,0.377,0.001,0.124,0.003,0.044,0.088,0.001
0.002,0.291,0.377,0.001,0.124,0.003,0.044,0.088,0.001
0.002,0.29,0.377,0.001,0.124,0.003,0.044,0.088,0.001
0.002,0.289,0.364,0.001,0.124,0.003,0.012,0.088,0.001
0.002,0.288,0.364,0.001,0.124,0.003,0.012,0.088,0.001
0.002,0.288,0.364,0.001,0.124,0.003,0.012,0.088,0.001
0.002,0.281,0.363,0.001,0.124,0.003,0.012,0.088,0.001
0.002,0.28,0.357,0.001,0.124,0.003,0.012,0.088,0.001
0.002,0.278,0.357,0.001,0.122,0.003,0.012,0.088,0.001
0.002,0.274,0.357,0.001,0.12,0.003,0.012,0.088,0.001
0.002,0.274,0.357,0.001,0.117,0.003,0.012,0.088,0.001
0.002,0.252,0.357,0.001,0.117,0.003,0.012,0.088,0.001
0.002,0.252,0.357,0.001,0.117,0.003,0.012,0.088,0.001
0.002,0.25,0.357,0.001,0.112,0.003,0.012,0.088,0.001
0.002,0.249,0.357,0.001,0.11,0.003,0.012,0.087,0.001
0.002,0.248,0.357,0.001,0.103,0.003,0.012,0.08,0.001
0.002,0.248,0.354,0.001,0.096,0.003,0.012,0.08,0.001
0.002,0.246,0.353,0.001,0.096,0.003,0.012,0.08,0.001
0.002,0.246,0.351,0.001,0.092,0.003,0.012,0.08,0.001
0.002,0.246,0.35,0.001,0.091,0.003,0.012,0.08,0.001
0.002,0.244,0.345,0.001,0.088,0.001,0.012,0.08,0.001
0.002,0.244,0.345,0.001,0.088,0.001,0.012,0.08,0.001
0.002,0.243,0.345,0.001,0.066,0.001,0.012,0.08,0.001
0.002,0.242,0.345,0.001,0.066,0.001,0.012,0.08,0.001
0.002,0.24,0.345,0.001,0.064,0.001,0.012,0.078,0.001
0.002,0.24,0.34,0.001,0.064,0.001,0.012,0.078,0.001
0.002,0.239,0.34,0.001,0.064,0.001,0.012,0.078,0.001
0.002,0.238,0.339,0.001,0.064,0.001,0.012,0.078,0.001
0.002,0.236,0.334,0.001,0.064,0.001,0.012,0.077,0.001
0.002,0.233,0.334,0.001,0.062,0.001,0.012,0.077,0.001
0.002,0.228,0.333,0.001,0.062,0.001,0.012,0.077,0.001
0.002,0.228,0.331,0.001,0.062,0.001,0.012,0.077,0.001
0.002,0.228,0.324,0.001,0.062,0.001,0.012,0.077,0.001
0.001,0.228,0.323,0.001,0.062,0.001,0.012,0.077,0.001
0.001,0.228,0.322,0.001,0.062,0.001,0.012,0.045,0.001
0.001,0.227,0.321,0.001,0.062,0.001,0.012,0.045,0.001
0.001,0.227,0.318,0.001,0.062,0.001,0.012,0.045,0.001
0.001,0.219,0.317,0.001,0.062,0.001,0.012,0.045,0.001
0.001,0.219,0.317,0.001,0.062,0.001,0.012,0.045,0.001
0.001,0.219,0.316,0.001,0.062,0.001,0.012,0.035,0.001
0.001,0.218,0.315,0.001,0.062,0.001,0.012,0.035,0.001
0.001,0.218,0.312,0.001,0.062,0.001,0.012,0.035,0.001
0.001,0.218,0.311,0.001,0.062,0.001,0.012,0.035,0.001
0.001,0.218,0.311,0.001,0.062,0.001,0.012,0.035,0.001
0.001,0.218,0.311,0.001,0.062,0.001,0.012,0.035,0.001
0.001,0.218,0.305,0.001,0.062,0.001,0.012,0.035,0.001
0.001,0.218,0.305,0.001,0.062,0.001,0.012,0.035,0.001
0.001,0.218,0.305,0.001,0.062,0.001,0.012,0.035,0.001
0.001,0.218,0.305,0.001,0.062,0.001,0.012,0.035,0.001
0.001,0.218,0.305,0.001,0.062,0.001,0.012,0.035,0.001
0.001,0.218,0.305,0.001,0.062,0.001,0.012,0.035,0.001
0.001,0.218,0.305,0.001,0.062,0.001,0.012,0.035,0.001
0.001,0.217,0.305,0.001,0.062,0.001,0.012,0.035,0.001
0.001,0.216,0.305,0.001,0.062,0.001,0.012,0.035,0.001
0.001,0.215,0.304,0.001,0.062,0.001,0.012,0.035,0.001
0.001,0.214,0.3,0.001,0.062,0.001,0.012,0.035,0.001
0.001,0.212,0.298,0.001,0.062,0.001,0.012,0.035,0.001
0.001,0.212,0.298,0.001,0.062,0.001,0.012,0.035,0.001
0.001,0.208,0.298,0.001,0.062,0.001,0.012,0.035,0.001
0.001,0.208,0.297,0.001,0.062,0.001,0.012,0.035,0.001
0.001,0.208,0.297,0.001,0.062,0.001,0.012,0.035,0.001
0.001,0.208,0.297,0.001,0.062,0.001,0.012,0.035,0.001
0.001,0.207,0.296,0.001,0.062,0.001,0.012,0.035,0.001
0.001,0.204,0.295,0.001,0.062,0.001,0.012,0.035,0.001
0.001,0.202,0.293,0.001,0.062,0.001,0.012,0.035,0.001
0.001,0.199,0.292,0.001,0.062,0.001,0.012,0.035,0.001
0.001,0.198,0.29,0.001,0.058,0.001,0.012,0.035,0.001
0.001,0.198,0.288,0.001,0.058,0.001,0.012,0.035,0.001
0.001,0.192,0.286,0.001,0.058,0.001,0.012,0.035,0.001
0.001,0.191,0.285,0.001,0.058,0.001,0.012,0.035,0.001
0.001,0.191,0.281,0.001,0.058,0.001,0.012,0.035,0.001
0.001,0.19,0.281,0.001,0.058,0.001,0.012,0.035,0.001
0.001,0.189,0.281,0.001,0.058,0.001,0.012,0.035,0.001
0.001,0.184,0.281,0.001,0.058,0.001,0.012,0.035,0.001
0.001,0.183,0.281,0.001,0.058,0.001,0.012,0.035,0.001
0.001,0.182,0.281,0.001,0.058,0.001,0.012,0.035,0.001
0.001,0.182,0.28,0.001,0.058,0.001,0.012,0.035,0.001
0.001,0.182,0.279,0.001,0.058,0.001,0.012,0.035,0.001
0.001,0.182,0.278,0.001,0.058,0.001,0.012,0.035,0.001
0.001,0.181,0.278,0.001,0.058,0.001,0.012,0.035,0.001
0.001,0.181,0.277,0.001,0.058,0.001,0.012,0.035,0.001
0.001,0.179,0.276,0.001,0.058,0.001,0.012,0.022,0.001
0.001,0.178,0.276,0.001,0.058,0.001,0.012,0.022,0.001
0.001,0.177,0.275,0.001,0.058,0.001,0.012,0.022,0.001
0.001,0.176,0.274,0.001,0.052,0.001,0.012,0.022,0.001
0.001,0.173,0.273,0.001,0.044,0.001,0.012,0.022,0.001
0.001,0.17,0.272,0.001,0.044,0.001,0.012,0.022,0.001
0.001,0.17,0.271,0.001,0.043,0.001,0.012,0.022,0.001
0.001,0.169,0.27,0.001,0.011,0.001,0.012,0.022,0.001
0.001,0.165,0.269,0.001,0.011,0.001,0.012,0.022,0.001
0.001,0.165,0.268,0.001,0.011,0.001,0.012,0.022,0.001
0.001,0.165,0.267,0.001,0.011,0.001,0.012,0.022,0.001
0.001,0.159,0.263,0.001,0.011,0.001,0.012,0.022,0.001
0.001,0.158,0.263,0.001,0.011,0.001,0.012,0.022,0.001
0.001,0.158,0.263,0.001,0.011,0.001,0.012,0.022,0.001
0.001,0.151,0.261,0.001,0.011,0.001,0.012,0.016,0.001
0.001,0.151,0.261,0.001,0.011,0.001,0.012,0.016,0.001
0.001,0.151,0.261,0.001,0.011,0.001,0.012,0.016,0.001
0.001,0.148,0.255,0.001,0.011,0.001,0.012,0.016,0.001
0.001,0.142,0.254,0.001,0.011,0.001,0.012,0.016,0.001
0.001,0.141,0.254,0.001,0.011,0.001,0.012,0.016,0.001
0.001,0.14,0.254,0.001,0.011,0.001,0.012,0.016,0.001
0.001,0.14,0.254,0.001,0.011,0.001,0.012,0.016,0.001
0.001,0.136,0.254,0.001,0.011,0.001,0.012,0.016,0.001
0.001,0.135,0.253,0.001,0.011,0.001,0.012,0.016,0.001
0.001,0.135,0.252,0.001,0.011,0.001,0.012,0.016,0.001
0.001,0.134,0.196,0.001,0.011,0.001,0.012,0.016,0.001
0.001,0.134,0.192,0.001,0.011,0.001,0.012,0.016,0.001
0.001,0.134,0.19,0.001,0.011,0.001,0.012,0.016,0.001
0.001,0.131,0.19,0.001,0.011,0.001,0.012,0.016,0.001
0.001,0.131,0.19,0.001,0.011,0.001,0.012,0.016,0.001
0.001,0.125,0.19,0.001,0.011,0.001,0.012,0.016,0.001
0.001,0.125,0.19,0.001,0.011,0.001,0.012,0.016,0.001
0.001,0.125,0.19,0.001,0.011,0.001,0.012,0.016,0.001
0.001,0.122,0.19,0.001,0.011,0.001,0.012,0.016,0.001
0.001,0.102,0.19,0.001,0.011,0.001,0.012,0.016,0.001
0.001,0.102,0.19,0.001,0.011,0.001,0.012,0.016,0.001
0.001,0.102,0.19,0.001,0.011,0.001,0.012,0.016,0.001
0.001,0.094,0.19,0.001,0.011,0.001,0.012,0.016,0.001
0.001,0.094,0.19,0.001,0.011,0.001,0.012,0.016,0.001
0.001,0.092,0.19,0.001,0.011,0.001,0.012,0.016,0.001
0.001,0.092,0.19,0.001,0.011,0.001,0.012,0.016,0.001
0.001,0.09,0.19,0.001,0.011,0.001,0.012,0.016,0.001
0.001,0.09,0.19,0.001,0.011,0.001,0.012,0.016,0.001
0.001,0.09,0.19,0.001,0.011,0.001,0.012,0.016,0.001
0.001,0.09,0.19,0.001,0.011,0.001,0.012,0.016,0.001
0.001,0.09,0.19,0.001,0.011,0.001,0.012,0.016,0.001
0.001,0.09,0.19,0.001,0.011,0.001,0.012,0.016,0.001
0.001,0.09,0.19,0.001,0.001,0.001,0.012,0.016,0.001
0.001,0.083,0.19,0.001,0.001,0.001,0.012,0.016,0.001
0.001,0.083,0.19,0.001,0.001,0.001,0.012,0.016,0.001
0.001,0.083,0.19,0.001,0.001,0.001,0.012,0.016,0.001
0.001,0.083,0.19,0.001,0.001,0.001,0.012,0.016,0.001
0.001,0.083,0.19,0.001,0.001,0.001,0.012,0.016,0.001
0.001,0.083,0.19,0.001,0.001,0.001,0.012,0.016,0.001
0.001,0.078,0.19,0.001,0.001,0.001,0.012,0.016,0.001
0.001,0.073,0.19,0.001,0.001,0.001,0.012,0.016,0.001
0.001,0.073,0.19,0.001,0.001,0.001,0.012,0.016,0.001
0.001,0.073,0.19,0.001,0.001,0.001,0.012,0.016,0.001
0.001,0.068,0.19,0.001,0.001,0.001,0.012,0.016,0.001
0.001,0.068,0.19,0.001,0.001,0.001,0.012,0.016,0.001
0.001,0.068,0.19,0.001,0.001,0.001,0.012,0.016,0.001
0.001,0.064,0.19,0.001,0.001,0.001,0.012,0.016,0.001
0.001,0.064,0.19,0.001,0.001,0.001,0.012,0.016,0.001
0.001,0.064,0.19,0.001,0.001,0.001,0.012,0.016,0.001
0.001,0.064,0.19,0.001,0.001,0.001,0.012,0.016,0.001
0.001,0.064,0.19,0.001,0.001,0.001,0.012,0.016,0.001
0.001,0.064,0.189,0.001,0.001,0.001,0.012,0.016,0.001
0.001,0.064,0.189,0.001,0.001,0.001,0.012,0.016,0.001
0.001,0.064,0.189,0.001,0.001,0.001,0.012,0.016,0.001
0.001,0.064,0.187,0.001,0.001,0.001,0.012,0.016,0.001
0.001,0.064,0.187,0.001,0.001,0.001,0.012,0.016,0.001
0.001,0.064,0.187,0.001,0.001,0.001,0.012,0.016,0.001
0.001,0.064,0.186,0.001,0.001,0.001,0.012,0.016,0.001
0.001,0.064,0.184,0.001,0.001,0.001,0.012,0.015,0.001
0.001,0.064,0.184,0.001,0.001,0.001,0.012,0.015,0.001
0.001,0.064,0.184,0.001,0.001,0.001,0.012,0.015,0.001
0.001,0.05,0.184,0.001,0.001,0.001,0.012,0.015,0.001
0.001,0.05,0.184,0.001,0.001,0.001,0.012,0.015,0.001
0.001,0.05,0.183,0.001,0.001,0.001,0.012,0.015,0.001
0.001,0.05,0.183,0.001,0.001,0.001,0.012,0.015,0.001
0.001,0.05,0.182,0.001,0.001,0.001,0.012,0.015,0.001
0.001,0.05,0.182,0.001,0.001,0.001,0.012,0.015,0.001
0.001,0.05,0.18,0.001,0.001,0.001,0.012,0.012,0.001
0.001,0.05,0.18,0.001,0.001,0.001,0.012,0.012,0.001
0.001,0.05,0.18,0.001,0.001,0.001,0.012,0.012,0.001
0.001,0.05,0.18,0.001,0.001,0.001,0.012,0.012,0.001
0.001,0.05,0.18,0.001,0.001,0.001,0.012,0.012,0.001
0.001,0.05,0.18,0.001,0.001,0.001,0.012,0.012,0.001
0.001,0.05,0.179,0.001,0.001,0.001,0.012,0.012,0.001
0.001,0.05,0.172,0.001,0.001,0.001,0.012,0.012,0.001
0.001,0.049,0.172,0.001,0.001,0.001,0.012,0.012,0.001
0.001,0.044,0.172,0.001,0.001,0.001,0.012,0.012,0.001
0.001,0.044,0.172,0.001,0.001,0.001,0.012,0.012,0.001
0.001,0.044,0.171,0.001,0.001,0.001,0.012,0.012,0.001
0.001,0.044,0.169,0.001,0.001,0.001,0.012,0.012,0.001
0.001,0.032,0.167,0.001,0.001,0.001,0.012,0.012,0.001
0.001,0.032,0.165,0.001,0.001,0.001,0.012,0.012,0.001
0.001,0.032,0.156,0.001,0.001,0.001,0.012,0.012,0.001
0.001,0.032,0.156,0.001,0.001,0.001,0.012,0.012,0.001
0.001,0.032,0.156,0.001,0.001,0.001,0.012,0.012,0.001
0.001,0.032,0.156,0.001,0.001,0.001,0.012,0.012,0.001
0.001,0.032,0.147,0.001,0.001,0.001,0.012,0.012,0.001
0.001,0.032,0.147,0.001,0.001,0.001,0.012,0.012,0.001
0.001,0.032,0.142,0.001,0.001,0.001,0.012,0.012,0.001
0.001,0.032,0.142,0.001,0.001,0.001,0.012,0.012,0.001
0.001,0.032,0.142,0.001,0.001,0.001,0.012,0.012,0.001
0.001,0.032,0.142,0.001,0.001,0.001,0.012,0.012,0.001
0.001,0.032,0.142,0.001,0.001,0.001,0.012,0.012,0.001
0.001,0.032,0.142,0.001,0.001,0.001,0.012,0.012,0.001
0.001,0.032,0.142,0.001,0.001,0.001,0.012,0.012,0.001
0.001,0.032,0.142,0.001,0.001,0.001,0.012,0.012,0.001
0.001,0.032,0.142,0.001,0.001,0.001,0.012,0.012,0.001
0.001,0.032,0.142,0.001,0.001,0.001,0.012,0.012,0.001
0.001,0.012,0.142,0.001,0.001,0.001,0.012,0.012,0.001
0.001,0.012,0.142,0.001,0.001,0.001,0.012,0.012,0.001
0.001,0.012,0.142,0.001,0.001,0.001,0.012,0.012,0.001
0.001,0.012,0.142,0.001,0.001,0.001,0.012,0.012,0.001
0.001,0.012,0.142,0.001,0.001,0.001,0.012,0.012,0.001
0.001,0.012,0.142,0.001,0.001,0.001,0.012,0.012,0.001
0.001,0.012,0.14,0.001,0.001,0.001,0.012,0.012,0.001
0.001,0.012,0.117,0.001,0.001,0.001,0.012,0.012,0.001
0.001,0.012,0.117,0.001,0.001,0.001,0.012,0.012,0.001
0.001,0.012,0.116,0.001,0.001,0.001,0.012,0.012,0.001
0.001,0.012,0.116,0.001,0.001,0.001,0.012,0.012,0.001
0.001,0.012,0.115,0.001,0.001,0.001,0.012,0.012,0.001
0.001,0.012,0.113,0.001,0.001,0.001,0.012,0.012,0.001
0.001,0.012,0.112,0.001,0.001,0.001,0.012,0.012,0.001
0.001,0.012,0.111,0.001,0.001,0.001,0.012,0.012,0.001
0.001,0.012,0.11,0.001,0.001,0.001,0.012,0.012,0.001
0.001,0.012,0.109,0.001,0.001,0.001,0.012,0.012,0.001
0.001,0.012,0.068,0.001,0.001,0.001,0.012,0.012,0.001
0.001,0.012,0.068,0.001,0.001,0.001,0.012,0.007,0.001
0.001,0.012,0.068,0.001,0.001,0.001,0.012,0.007,0.001
0.001,0.012,0.066,0.001,0.001,0.001,0.012,0.007,0.001
0.001,0.012,0.066,0.001,0.001,0.001,0.012,0.007,0.001
0.001,0.012,0.065,0.001,0.001,0.001,0.012,0.007,0.001
0.001,0.012,0.063,0.001,0.001,0.001,0.012,0.007,0.001
0.001,0.012,0.035,0.001,0.001,0.001,0.012,0.007,0.001
0.001,0.005,0.035,0.001,0.001,0.001,0.012,0.007,0.001
0.001,0.005,0.035,0.001,0.001,0.001,0.012,0.007,0.001
0.001,0.003,0.035,0.001,0.001,0.001,0.012,0.007,0.001
0.001,0.003,0.035,0.001,0.001,0.001,0.012,0.007,0.001
0.001,0.003,0.035,0.001,0.001,0.001,0.012,0.007,0.001
0.001,0.003,0.035,0.001,0.001,0.001,0.012,0.007,0.001
0.001,0.003,0.035,0.001,0.001,0.001,0.012,0.007,0.001
0.001,0.003,0.035,0.001,0.001,0.001,0.012,0.007,0.001
0.001,0.003,0.035,0.001,0.001,0.001,0.012,0.007,0.001
0.001,0.003,0.035,0.001,0.001,0.001,0.012,0.007,0.001
0.001,0.003,0.035,0.001,0.001,0.001,0.012,0.007,0.001
0.001,0.003,0.035,0.001,0.001,0.001,0.012,0.007,0.001
0.001,0.003,0.035,0.001,0.001,0.001,0.012,0.007,0.001
0.001,0.003,0.035,0.001,0.001,0.001,0.012,0.007,0.001
0.001,0.003,0.035,0.001,0.001,0.001,0.012,0.007,0.001
0.001,0.003,0.035,0.001,0.001,0.001,0.012,0.007,0.001
0.001,0.003,0.035,0.001,0.001,0.001,0.012,0.007,0.001
0.001,0.003,0.035,0.001,0.001,0.001,0.012,0.007,0.001
0.001,0.003,0.035,0.001,0.001,0.001,0.009,0.007,0.001
0.001,0.003,0.035,0.001,0.001,0.001,0.009,0.007,0.001
0.001,0.003,0.035,0.001,0.001,0.001,0.009,0.007,0.001
0.001,0.003,0.035,0.001,0.001,0.001,0.009,0.007,0.001
0.001,0.003,0.035,0.001,0.001,0.001,0.009,0.007,0.001
0.001,0.003,0.035,0.001,0.001,0.001,0.009,0.007,0.001
0.001,0.003,0.035,0.001,0.001,0.001,0.009,0.007,0.001
0.001,0.003,0.034,0.001,0.001,0.001,0.009,0.007,0.001
0.001,0.003,0.027,0.001,0.001,0.001,0.009,0.007,0.001
0.001,0.003,0.027,0.001,0.001,0.001,0.009,0.007,0.001
0.001,0.003,0.027,0.001,0.001,0.001,0.009,0.007,0.001
0.001,0.003,0.027,0.001,0.001,0.001,0.009,0.007,0.001
0.001,0.003,0.027,0.001,0.001,0.001,0.009,0.007,0.001
0.001,0.003,0.027,0.001,0.001,0.001,0.009,0.007,0.001
0.001,0.003,0.027,0.001,0.001,0.001,0.009,0.007,0.001
0.001,0.001,0.027,0.001,0.001,0.001,0.009,0.007,0.001
0.001,0.001,0.027,0.001,0.001,0.001,0.009,0.007,0.001
0.001,0.001,0.027,0.001,0.001,0.001,0.009,0.007,0.001
0.001,0.001,0.027,0.001,0.001,0.001,0.009,0.007,0.001
0.001,0.001,0.026,0.001,0.001,0.001,0.009,0.007,0.001
0.001,0.001,0.001,0.001,0.001,0.001,0.009,0.007,0.001
0.001,0.001,0.001,0.001,0.001,0.001,0.009,0.007,0.001
0.001,0.001,0.001,0.001,0.001,0.001,0.009,0.007,0.001
0.001,0.001,0.001,0.001,0.001,0.001,0.009,0.007,0.001
0.001,0.001,0.001,0.001,0.001,0.001,0.009,0.007,0.001
0.001,0.001,0.001,0.001,0.001,0.001,0.009,0.007,0.001
0.001,0.001,0.001,0.001,0.001,0.001,0.009,0.007,0.001
0.001,0.001,0.001,0.001,0.001,0.001,0.009,0.007,0.001
0.001,0.001,0.001,0.001,0.001,0.001,0.009,0.007,0.001
0.001,0.001,0.001,0.001,0.001,0.001,0.009,0.007,0.001
0.001,0.001,0.001,0.001,0.001,0.001,0.009,0.007,0.001
0.001,0.001,0.001,0.001,0.001,0.001,0.009,0.007,0.001
0.001,0.001,0.001,0.001,0.001,0.001,0.009,0.007,0.001
0.001,0.001,0.001,0.001,0.001,0.001,0.009,0.007,0.001
0.001,0.001,0.001,0.001,0.001,0.001,0.007,0.007,0.001
0.001,0.001,0.001,0.001,0.001,0.001,0.007,0.007,0.001
0.001,0.001,0.001,0.001,0.001,0.001,0.007,0.007,0.001
0.001,0.001,0.001,0.001,0.001,0.001,0.007,0.007,0.001
0.001,0.001,0.001,0.001,0.001,0.001,0.007,0.007,0.001
0.001,0.001,0.001,0.001,0.001,0.001,0.007,0.007,0.001
0.001,0.001,0.001,0.001,0.001,0.001,0.007,0.007,0.001
0.001,0.001,0.001,0.001,0.001,0.001,0.007,0.007,0.001
0.001,0.001,0.001,0.001,0.001,0.001,0.007,0.007,0.001
0.001,0.001,0.001,0.001,0.001,0.001,0.007,0.007,0.001
0.001,0.001,0.001,0.001,0.001,0.001,0.007,0.007,0.001
0.001,0.001,0.001,0.001,0.001,0.001,0.007,0.007,0.001
0.001,0.001,0.001,0.001,0.001,0.001,0.007,0.007,0.001
0.001,0.001,0.001,0.001,0.001,0.001,0.007,0.007,0.001
0.001,0.001,0.001,0.001,0.001,0.001,0.007,0.007,0.001
0.001,0.001,0.001,0.001,0.001,0.001,0.007,0.007,0.001
0.001,0.001,0.001,0.001,0.001,0.001,0.005,0.007,0.001
0.001,0.001,0.001,0.001,0.001,0.001,0.002,0.007,0.001
0.001,0.001,0.001,0.001,0.001,0.001,0.002,0.007,0.001
0.001,0.001,0.001,0.001,0.001,0.001,0.002,0.007,0.001
0.001,0.001,0.001,0.001,0.001,0.001,0.002,0.007,0.001
0.001,0.001,0.001,0.001,0.001,0.001,0.002,0.007,0.001
0.001,0.001,0.001,0.001,0.001,0.001,0.002,0.007,0.001
0.001,0.001,0.001,0.001,0.001,0.001,0.002,0.007,0.001
0.001,0.001,0.001,0.001,0.001,0.001,0.002,0.007,0.001
0.001,0.001,0.001,0.001,0.001,0.001,0.002,0.007,0.001
0.001,0.001,0.001,0.001,0.001,0.001,0.002,0.007,0.001
0.001,0.001,0.001,0.001,0.001,0.001,0.002,0.007,0.001
0.001,0.001,0.001,0.001,0.001,0.001,0.002,0.007,0.001
0.001,0.001,0.001,0.001,0.001,0.001,0.002,0.007,0.001
0.001,0.001,0.001,0.001,0.001,0.001,0.002,0.007,0.001
0.001,0.001,0.001,0.001,0.001,0.001,0.002,0.007,0.001
0.001,0.001,0.001,0.001,0.001,0.001,0.002,0.007,0.001
0.001,0.001,0.001,0.001,0.001,0.001,0.002,0.007,0.001
0.001,0.001,0.001,0.001,0.001,0.001,0.002,0.007,0.001
0.001,0.001,0.001,0.001,0.001,0.001,0.002,0.007,0.001
0.001,0.001,0.001,0.001,0.001,0.001,0.002,0.007,0.001
0.001,0.001,0.001,0.001,0.001,0.001,0.002,0.007,0.001
0.001,0.001,0.001,0.001,0.001,0.001,0.002,0.007,0.001
0.001,0.001,0.001,0.001,0.001,0.001,0.002,0.007,0.001
0.001,0.001,0.001,0.001,0.001,0.001,0.002,0.007,0.001
0.001,0.001,0.001,0.001,0.001,0.001,0.002,0.007,0.001
0.001,0.001,0.001,0.001,0.001,0.001,0.002,0.007,0.001
0.001,0.001,0.001,0.001,0.001,0.001,0.002,0.007,0.001
0.001,0.001,0.001,0.001,0.001,0.001,0.002,0.007,0.001
0.001,0.001,0.001,0.001,0.001,0.001,0.002,0.007,0.001
0.001,0.001,0.001,0.001,0.001,0.001,0.002,0.007,0.001
0.001,0.001,0.001,0.001,0.001,0.001,0.002,0.007,0.001
0.001,0.001,0.001,0.001,0.001,0.001,0.002,0.007,0.001
0.001,0.001,0.001,0.001,0.001,0.001,0.002,0.007,0.001
0.001,0.001,0.001,0.001,0.001,0.001,0.002,0.007,0.001
0.001,0.001,0.001,0.001,0.001,0.001,0.002,0.007,0.001
0.001,0.001,0.001,0.001,0.001,0.001,0.002,0.007,0.001
0.001,0.001,0.001,0.001,0.001,0.001,0.002,0.007,0.001
0.001,0.001,0.001,0.001,0.001,0.001,0.002,0.007,0.001
0.001,0.001,0.001,0.001,0.001,0.001,0.002,0.007,0.001
0.001,0.001,0.001,0.001,0.001,0.001,0.002,0.007,0.001
0.001,0.001,0.001,0.001,0.001,0.001,0.002,0.007,0.001
0.001,0.001,0.001,0.001,0.001,0.001,0.002,0.007,0.001
0.001,0.001,0.001,0.001,0.001,0.001,0.002,0.007,0.001
0.001,0.001,0.001,0.001,0.001,0.001,0.002,0.007,0.001
0.001,0.001,0.001,0.001,0.001,0.001,0.002,0.007,0.001
0.001,0.001,0.001,0.001,0.001,0.001,0.002,0.007,0.001
0.001,0.001,0.001,0.001,0.001,0.001,0.002,0.007,0.001
0.001,0.001,0.001,0.001,0.001,0.001,0.002,0.007,0.001
0.001,0.001,0.001,0.001,0.001,0.001,0.002,0.007,0.001
0.001,0.001,0.001,0.001,0.001,0.001,0.002,0.007,0.001
0.001,0.001,0.001,0.001,0.001,0.001,0.002,0.007,0.001
0.001,0.001,0.001,0.001,0.001,0.001,0.002,0.007,0.001
0.001,0.001,0.001,0.001,0.001,0.001,0.002,0.007,0.001
0.001,0.001,0.001,0.001,0.001,0.001,0.002,0.007,0.001
0.001,0.001,0.001,0.001,0.001,0.001,0.002,0.007,0.001
0.001,0.001,0.001,0.001,0.001,0.001,0.002,0.007,0.001
0.001,0.001,0.001,0.001,0.001,0.001,0.002,0.007,0.001
0.001,0.001,0.001,0.001,0.001,0.001,0.002,0.007,0.001
0.001,0.001,0.001,0.001,0.001,0.001,0.002,0.007,0.001
0.001,0.001,0.001,0.001,0.001,0.001,0.002,0.007,0.001
0.001,0.001,0.001,0.001,0.001,0.001,0.002,0.007,0.001
0.001,0.001,0.001,0.001,0.001,0.001,0.002,0.007,0.001
0.001,0.001,0.001,0.001,0.001,0.001,0.002,0.007,0.001
0.001,0.001,0.001,0.001,0.001,0.001,0.002,0.007,0.001
0.001,0.001,0.001,0.001,0.001,0.001,0.002,0.007,0.001
0.001,0.001,0.001,0.001,0.001,0.001,0.002,0.007,0.001
0.001,0.001,0.001,0.001,0.001,0.001,0.002,0.007,0.001
0.001,0.001,0.001,0.001,0.001,0.001,0.002,0.007,0.001
0.001,0.001,0.001,0.001,0.001,0.001,0.002,0.007,0.001
0.001,0.001,0.001,0.001,0.001,0.001,0.002,0.007,0.001
0.001,0.001,0.001,0.001,0.001,0.001,0.002,0.007,0.001
0.001,0.001,0.001,0.001,0.001,0.001,0.002,0.007,0.001
0.001,0.001,0.001,0.001,0.001,0.001,0.002,0.007,0.001
0.001,0.001,0.001,0.001,0.001,0.001,0.002,0.007,0.001
0.001,0.001,0.001,0.001,0.001,0.001,0.002,0.007,0.001
0.001,0.001,0.001,0.001,0.001,0.001,0.002,0.007,0.001
0.001,0.001,0.001,0.001,0.001,0.001,0.002,0.007,0.001
0.001,0.001,0.001,0.001,0.001,0.001,0.002,0.007,0.001
0.001,0.001,0.001,0.001,0.001,0.001,0.002,0.007,0.001
0.001,0.001,0.001,0.001,0.001,0.001,0.002,0.007,0.001
0.001,0.001,0.001,0.001,0.001,0.001,0.002,0.007,0.001
0.001,0.001,0.001,0.001,0.001,0.001,0.002,0.007,0.001
0.001,0.001,0.001,0.001,0.001,0.001,0.002,0.007,0.001
0.001,0.001,0.001,0.001,0.001,0.001,0.002,0.007,0.001
0.001,0.001,0.001,0.001,0.001,0.001,0.002,0.007,0.001
0.001,0.001,0.001,0.001,0.001,0.001,0.002,0.007,0.001
0.001,0.001,0.001,0.001,0.001,0.001,0.002,0.007,0.001
0.001,0.001,0.001,0.001,0.001,0.001,0.002,0.007,0.001
0.001,0.001,0.001,0.001,0.001,0.001,0.002,0.007,0.001
0.001,0.001,0.001,0.001,0.001,0.001,0.002,0.007,0.001
0.001,0.001,0.001,0.001,0.001,0.001,0.002,0.007,0.001
0.001,0.001,0.001,0.001,0.001,0.001,0.002,0.007,0.001
0.001,0.001,0.001,0.001,0.001,0.001,0.002,0.007,0.001
0.001,0.001,0.001,0.001,0.001,0.001,0.002,0.007,0.001
0.001,0.001,0.001,0.001,0.001,0.001,0.002,0.007,0.001
0.001,0.001,0.001,0.001,0.001,0.001,0.002,0.007,0.001
0.001,0.001,0.001,0.001,0.001,0.001,0.002,0.007,0.001
0.001,0.001,0.001,0.001,0.001,0.001,0.002,0.007,0.001
0.001,0.001,0.001,0.001,0.001,0.001,0.002,0.007,0.001
0.001,0.001,0.001,0.001,0.001,0.001,0.001,0.007,0.001
0.001,0.001,0.001,0.001,0.001,0.001,0.001,0.007,0.001
0.001,0.001,0.001,0.001,0.001,0.001,0.001,0.007,0.001
0.001,0.001,0.001,0.001,0.001,0.001,0.001,0.007,0.001
0.001,0.001,0.001,0.001,0.001,0.001,0.001,0.007,0.001
0.001,0.001,0.001,0.001,0.001,0.001,0.001,0.007,0.001
0.001,0.001,0.001,0.001,0.001,0.001,0.001,0.007,0.001
0.001,0.001,0.001,0.001,0.001,0.001,0.001,0.007,0.001
0.001,0.001,0.001,0.001,0.001,0.001,0.001,0.007,0.001
0.001,0.001,0.001,0.001,0.001,0.001,0.001,0.007,0.001
0.001,0.001,0.001,0.001,0.001,0.001,0.001,0.007,0.001
0.001,0.001,0.001,0.001,0.001,0.001,0.001,0.007,0.001
0.001,0.001,0.001,0.001,0.001,0.001,0.001,0.007,0.001
0.001,0.001,0.001,0.001,0.001,0.001,0.001,0.007,0.001
0.001,0.001,0.001,0.001,0.001,0.001,0.001,0.007,0.001
0.001,0.001,0.001,0.001,0.001,0.001,0.001,0.007,0.001
0.001,0.001,0.001,0.001,0.001,0.001,0.001,0.007,0.001
0.001,0.001,0.001,0.001,0.001,0.001,0.001,0.007,0.001
0.001,0.001,0.001,0.001,0.001,0.001,0.001,0.007,0.001
0.001,0.001,0.001,0.001,0.001,0.001,0.001,0.007,0.001
0.001,0.001,0.001,0.001,0.001,0.001,0.001,0.007,0.001
0.001,0.001,0.001,0.001,0.001,0.001,0.001,0.007,0.001
0.001,0.001,0.001,0.001,0.001,0.001,0.001,0.007,0.001
0.001,0.001,0.001,0.001,0.001,0.001,0.001,0.007,0.001
0.001,0.001,0.001,0.001,0.001,0.001,0.001,0.007,0.001
0.001,0.001,0.001,0.001,0.001,0.001,0.001,0.007,0.001
0.001,0.001,0.001,0.001,0.001,0.001,0.001,0.007,0.001
0.001,0.001,0.001,0.001,0.001,0.001,0.001,0.007,0.001
0.001,0.001,0.001,0.001,0.001,0.001,0.001,0.007,0.001
0.001,0.001,0.001,0.001,0.001,0.001,0.001,0.007,0.001
0.001,0.001,0.001,0.001,0.001,0.001,0.001,0.007,0.001
0.001,0.001,0.001,0.001,0.001,0.001,0.001,0.007,0.001
0.001,0.001,0.001,0.001,0.001,0.001,0.001,0.007,0.001
0.001,0.001,0.001,0.001,0.001,0.001,0.001,0.007,0.001
0.001,0.001,0.001,0.001,0.001,0.001,0.001,0.007,0.001
0.001,0.001,0.001,0.001,0.001,0.001,0.001,0.007,0.001
0.001,0.001,0.001,0.001,0.001,0.001,0.001,0.007,0.001
0.001,0.001,0.001,0.001,0.001,0.001,0.001,0.007,0.001
0.001,0.001,0.001,0.001,0.001,0.001,0.001,0.007,0.001
0.001,0.001,0.001,0.001,0.001,0.001,0.001,0.007,0.001
0.001,0.001,0.001,0.001,0.001,0.001,0.001,0.007,0.001
0.001,0.001,0.001,0.001,0.001,0.001,0.001,0.007,0.001
0.001,0.001,0.001,0.001,0.001,0.001,0.001,0.007,0.001
0.001,0.001,0.001,0.001,0.001,0.001,0.001,0.007,0.001
0.001,0.001,0.001,0.001,0.001,0.001,0.001,0.007,0.001
0.001,0.001,0.001,0.001,0.001,0.001,0.001,0.007,0.001
0.001,0.001,0.001,0.001,0.001,0.001,0.001,0.007,0.001
0.001,0.001,0.001,0.001,0.001,0.001,0.001,0.007,0.001
0.001,0.001,0.001,0.001,0.001,0.001,0.001,0.007,0.001
0.001,0.001,0.001,0.001,0.001,0.001,0.001,0.007,0.001
0.001,0.001,0.001,0.001,0.001,0.001,0.001,0.007,0.001
0.001,0.001,0.001,0.001,0.001,0.001,0.001,0.007,0.001
0.001,0.001,0.001,0.001,0.001,0.001,0.001,0.007,0.001
0.001,0.001,0.001,0.001,0.001,0.001,0.001,0.007,0.001
0.001,0.001,0.001,0.001,0.001,0.001,0.001,0.007,0.001
0.001,0.001,0.001,0.001,0.001,0.001,0.001,0.007,0.001
0.001,0.001,0.001,0.001,0.001,0.001,0.001,0.007,0.001
0.001,0.001,0.001,0.001,0.001,0.001,0.001,0.007,0.001
0.001,0.001,0.001,0.001,0.001,0.001,0.001,0.007,0.001
0.001,0.001,0.001,0.001,0.001,0.001,0.001,0.007,0.001
0.001,0.001,0.001,0.001,0.001,0.001,0.001,0.007,0.001
0.001,0.001,0.001,0.001,0.001,0.001,0.001,0.007,0.001
0.001,0.001,0.001,0.001,0.001,0.001,0.001,0.007,0.001
0.001,0.001,0.001,0.001,0.001,0.001,0.001,0.007,0.001
0.001,0.001,0.001,0.001,0.001,0.001,0.001,0.007,0.001
0.001,0.001,0.001,0.001,0.001,0.001,0.001,0.007,0.001
0.001,0.001,0.001,0.001,0.001,0.001,0.001,0.007,0.001
0.001,0.001,0.001,0.001,0.001,0.001,0.001,0.007,0.001
0.001,0.001,0.001,0.001,0.001,0.001,0.001,0.007,0.001
0.001,0.001,0.001,0.001,0.001,0.001,0.001,0.007,0.001
0.001,0.001,0.001,0.001,0.001,0.001,0.001,0.007,0.001
0.001,0.001,0.001,0.001,0.001,0.001,0.001,0.007,0.001
0.001,0.001,0.001,0.001,0.001,0.001,0.001,0.007,0.001
0.001,0.001,0.001,0.001,0.001,0.001,0.001,0.007,0.001
0.001,0.001,0.001,0.001,0.001,0.001,0.001,0.007,0.001
0.001,0.001,0.001,0.001,0.001,0.001,0.001,0.007,0.001
0.001,0.001,0.001,0.001,0.001,0.001,0.001,0.007,0.001
0.001,0.001,0.001,0.001,0.001,0.001,0.001,0.007,0.001
0.001,0.001,0.001,0.001,0.001,0.001,0.001,0.007,0.001
0.001,0.001,0.001,0.001,0.001,0.001,0.001,0.007,0.001
0.001,0.001,0.001,0.001,0.001,0.001,0.001,0.007,0.001
0.001,0.001,0.001,0.001,0.001,0.001,0.001,0.007,0.001
0.001,0.001,0.001,0.001,0.001,0.001,0.001,0.007,0.001
0.001,0.001,0.001,0.001,0.001,0.001,0.001,0.007,0.001
0.001,0.001,0.001,0.001,0.001,0.001,0.001,0.007,0.001
0.001,0.001,0.001,0.001,0.001,0.001,0.001,0.007,0.001
0.001,0.001,0.001,0.001,0.001,0.001,0.001,0.007,0.001
0.001,0.001,0.001,0.001,0.001,0.001,0.001,0.006,0.001
0.001,0.001,0.001,0.001,0.001,0.001,0.001,0.006,0.001
0.001,0.001,0.001,0.001,0.001,0.001,0.001,0.006,0.001
0.001,0.001,0.001,0.001,0.001,0.001,0.001,0.006,0.001
0.001,0.001,0.001,0.001,0.001,0.001,0.001,0.006,0.001
0.001,0.001,0.001,0.001,0.001,0.001,0.001,0.006,0.001
0.001,0.001,0.001,0.001,0.001,0.001,0.001,0.005,0.001
0.001,0.001,0.001,0.001,0.001,0.001,0.001,0.005,0.001
0.001,0.001,0.001,0.001,0.001,0.001,0.001,0.003,0.001
0.001,0.001,0.001,0.001,0.001,0.001,0.001,0.002,0.001
0.001,0.001,0.001,0.001,0.001,0.001,0.001,0.002,0.001
0.001,0.001,0.001,0.001,0.001,0.001,0.001,0.001,0.001
