_back,_rand,_degree,_adpDegree,_FD,_MS,_PR,_DND,_Core
0.242,0.242,0.242,0.242,0.242,0.242,0.242,0.242,0.242
0.242,0.242,0.242,0.242,0.242,0.242,0.242,0.242,0.242
0.242,0.241,0.242,0.242,0.242,0.242,0.242,0.242,0.242
0.241,0.241,0.242,0.242,0.242,0.24,0.242,0.242,0.242
0.241,0.241,0.242,0.242,0.242,0.24,0.242,0.242,0.242
0.232,0.241,0.242,0.242,0.242,0.24,0.222,0.242,0.242
0.231,0.241,0.242,0.242,0.242,0.24,0.222,0.242,0.242
0.222,0.241,0.242,0.242,0.242,0.24,0.222,0.242,0.242
0.199,0.241,0.242,0.242,0.242,0.24,0.116,0.242,0.242
0.187,0.241,0.242,0.242,0.242,0.24,0.116,0.242,0.242
0.173,0.241,0.242,0.242,0.242,0.24,0.116,0.242,0.242
0.169,0.241,0.242,0.242,0.242,0.24,0.116,0.242,0.242
0.167,0.239,0.242,0.242,0.242,0.238,0.116,0.242,0.242
0.163,0.239,0.242,0.242,0.242,0.238,0.116,0.242,0.242
0.111,0.239,0.242,0.242,0.242,0.238,0.116,0.242,0.242
0.111,0.233,0.242,0.242,0.242,0.238,0.116,0.242,0.242
0.111,0.233,0.242,0.242,0.242,0.238,0.116,0.242,0.242
0.109,0.233,0.242,0.242,0.242,0.238,0.116,0.242,0.242
0.106,0.23,0.242,0.242,0.242,0.238,0.116,0.242,0.242
0.106,0.23,0.242,0.242,0.242,0.237,0.116,0.242,0.242
0.106,0.227,0.242,0.242,0.242,0.237,0.116,0.242,0.242
0.073,0.227,0.242,0.242,0.242,0.237,0.116,0.242,0.242
0.061,0.227,0.242,0.242,0.242,0.237,0.116,0.242,0.242
0.049,0.227,0.242,0.242,0.242,0.237,0.116,0.242,0.242
0.017,0.227,0.242,0.242,0.242,0.237,0.103,0.242,0.242
0.017,0.227,0.242,0.242,0.242,0.237,0.103,0.242,0.242
0.017,0.226,0.242,0.242,0.242,0.236,0.103,0.242,0.242
0.017,0.226,0.242,0.242,0.242,0.236,0.103,0.242,0.242
0.013,0.226,0.242,0.242,0.242,0.236,0.103,0.242,0.242
0.013,0.226,0.242,0.242,0.242,0.236,0.103,0.242,0.242
0.013,0.225,0.242,0.242,0.242,0.235,0.103,0.242,0.242
0.013,0.225,0.242,0.242,0.242,0.235,0.103,0.242,0.242
0.013,0.225,0.242,0.242,0.242,0.235,0.103,0.242,0.242
0.013,0.225,0.242,0.242,0.242,0.234,0.103,0.242,0.242
0.013,0.225,0.242,0.242,0.242,0.233,0.103,0.242,0.242
0.013,0.225,0.242,0.242,0.242,0.232,0.103,0.242,0.242
0.013,0.225,0.242,0.242,0.242,0.232,0.103,0.242,0.242
0.013,0.225,0.242,0.242,0.242,0.229,0.103,0.242,0.242
0.013,0.224,0.242,0.242,0.242,0.229,0.103,0.242,0.242
0.003,0.224,0.242,0.242,0.242,0.229,0.103,0.242,0.242
0.003,0.224,0.242,0.242,0.242,0.229,0.103,0.242,0.242
0.003,0.219,0.242,0.242,0.242,0.229,0.103,0.242,0.242
0.003,0.219,0.242,0.242,0.242,0.229,0.103,0.242,0.242
0.003,0.218,0.242,0.242,0.242,0.229,0.103,0.242,0.242
0.003,0.218,0.242,0.242,0.242,0.229,0.103,0.242,0.242
0.003,0.217,0.242,0.242,0.242,0.229,0.103,0.242,0.242
0.003,0.217,0.242,0.242,0.242,0.229,0.103,0.242,0.242
0.003,0.217,0.242,0.242,0.242,0.229,0.103,0.242,0.242
0.003,0.217,0.242,0.242,0.242,0.229,0.103,0.242,0.242
0.003,0.217,0.242,0.242,0.242,0.229,0.103,0.242,0.242
0.003,0.217,0.242,0.242,0.242,0.229,0.103,0.242,0.242
0.003,0.217,0.242,0.242,0.242,0.229,0.103,0.242,0.242
0.003,0.217,0.242,0.242,0.242,0.229,0.103,0.242,0.242
0.003,0.217,0.242,0.242,0.242,0.229,0.103,0.242,0.242
0.003,0.217,0.242,0.242,0.242,0.229,0.103,0.242,0.242
0.003,0.217,0.242,0.242,0.242,0.229,0.103,0.242,0.242
0.003,0.215,0.242,0.242,0.242,0.229,0.103,0.242,0.242
0.003,0.21,0.242,0.242,0.242,0.227,0.103,0.242,0.242
0.003,0.21,0.242,0.242,0.242,0.227,0.089,0.242,0.242
0.003,0.21,0.242,0.242,0.242,0.227,0.089,0.242,0.242
0.003,0.21,0.242,0.242,0.242,0.227,0.089,0.242,0.242
0.003,0.21,0.242,0.242,0.242,0.223,0.089,0.242,0.242
0.003,0.207,0.242,0.242,0.242,0.223,0.089,0.242,0.242
0.003,0.207,0.242,0.242,0.242,0.223,0.089,0.242,0.242
0.003,0.207,0.242,0.242,0.242,0.223,0.089,0.242,0.242
0.003,0.207,0.242,0.242,0.242,0.223,0.089,0.242,0.242
0.003,0.207,0.242,0.242,0.242,0.223,0.089,0.242,0.242
0.003,0.207,0.242,0.242,0.242,0.223,0.089,0.242,0.242
0.003,0.207,0.242,0.242,0.242,0.223,0.087,0.242,0.242
0.003,0.207,0.242,0.242,0.242,0.221,0.073,0.242,0.242
0.003,0.207,0.242,0.242,0.237,0.221,0.073,0.242,0.242
0.003,0.202,0.242,0.242,0.237,0.216,0.073,0.242,0.242
0.003,0.202,0.242,0.242,0.237,0.216,0.073,0.242,0.242
0.003,0.201,0.242,0.242,0.237,0.216,0.073,0.242,0.242
0.003,0.201,0.242,0.242,0.237,0.216,0.073,0.242,0.242
0.003,0.201,0.242,0.242,0.237,0.216,0.073,0.242,0.242
0.003,0.201,0.242,0.242,0.237,0.212,0.073,0.242,0.242
0.003,0.2,0.242,0.242,0.237,0.212,0.073,0.242,0.242
0.003,0.199,0.242,0.242,0.237,0.212,0.073,0.242,0.242
0.003,0.199,0.242,0.242,0.237,0.212,0.073,0.242,0.242
0.003,0.199,0.242,0.242,0.237,0.207,0.073,0.242,0.242
0.003,0.199,0.242,0.242,0.237,0.207,0.073,0.242,0.242
0.003,0.199,0.242,0.242,0.237,0.207,0.073,0.242,0.242
0.003,0.199,0.242,0.242,0.237,0.206,0.073,0.242,0.242
0.003,0.199,0.242,0.242,0.237,0.206,0.073,0.242,0.242
0.003,0.199,0.242,0.242,0.237,0.189,0.073,0.242,0.242
0.003,0.199,0.242,0.242,0.237,0.184,0.073,0.242,0.242
0.003,0.199,0.242,0.242,0.237,0.146,0.067,0.242,0.242
0.002,0.199,0.242,0.242,0.237,0.146,0.067,0.242,0.242
0.002,0.199,0.242,0.242,0.237,0.146,0.067,0.242,0.242
0.002,0.199,0.242,0.242,0.237,0.146,0.067,0.242,0.242
0.002,0.199,0.242,0.242,0.237,0.146,0.067,0.242,0.242
0.002,0.199,0.242,0.242,0.237,0.146,0.067,0.242,0.242
0.002,0.199,0.242,0.242,0.237,0.146,0.067,0.242,0.242
0.002,0.199,0.242,0.242,0.237,0.146,0.067,0.242,0.242
0.002,0.199,0.242,0.242,0.237,0.146,0.067,0.242,0.242
0.002,0.199,0.242,0.242,0.237,0.146,0.067,0.242,0.242
0.002,0.199,0.242,0.242,0.237,0.146,0.067,0.242,0.242
0.002,0.199,0.242,0.242,0.237,0.146,0.067,0.242,0.242
0.002,0.094,0.242,0.242,0.237,0.146,0.067,0.242,0.242
0.002,0.094,0.242,0.242,0.237,0.146,0.067,0.242,0.242
0.002,0.094,0.242,0.242,0.237,0.146,0.067,0.242,0.242
0.002,0.094,0.242,0.242,0.237,0.146,0.067,0.242,0.242
0.002,0.094,0.242,0.242,0.237,0.146,0.067,0.242,0.242
0.002,0.094,0.242,0.242,0.237,0.146,0.067,0.242,0.242
0.002,0.094,0.242,0.242,0.237,0.144,0.067,0.242,0.242
0.002,0.094,0.242,0.242,0.237,0.13,0.067,0.242,0.242
0.002,0.094,0.242,0.242,0.237,0.13,0.067,0.242,0.242
0.002,0.094,0.242,0.242,0.237,0.13,0.065,0.242,0.242
0.002,0.094,0.242,0.242,0.237,0.13,0.065,0.242,0.242
0.002,0.094,0.242,0.242,0.237,0.13,0.065,0.242,0.242
0.002,0.094,0.242,0.242,0.237,0.13,0.065,0.242,0.242
0.002,0.094,0.242,0.242,0.237,0.13,0.065,0.242,0.242
0.002,0.094,0.242,0.242,0.237,0.13,0.065,0.242,0.242
0.002,0.094,0.242,0.242,0.237,0.13,0.065,0.242,0.242
0.002,0.094,0.242,0.242,0.237,0.13,0.065,0.242,0.242
0.002,0.094,0.242,0.242,0.237,0.13,0.065,0.24,0.242
0.002,0.094,0.242,0.242,0.237,0.13,0.048,0.24,0.242
0.002,0.091,0.242,0.242,0.237,0.13,0.048,0.24,0.242
0.002,0.091,0.242,0.242,0.237,0.124,0.048,0.24,0.242
0.002,0.091,0.242,0.242,0.237,0.124,0.048,0.24,0.242
0.002,0.091,0.242,0.242,0.237,0.124,0.048,0.24,0.242
0.002,0.091,0.242,0.242,0.237,0.124,0.048,0.24,0.242
0.002,0.091,0.242,0.242,0.237,0.124,0.048,0.24,0.242
0.002,0.085,0.242,0.242,0.237,0.124,0.048,0.24,0.242
0.002,0.085,0.242,0.242,0.237,0.124,0.048,0.24,0.242
0.002,0.085,0.242,0.242,0.237,0.124,0.048,0.24,0.242
0.002,0.085,0.242,0.242,0.237,0.124,0.046,0.24,0.242
0.002,0.068,0.242,0.237,0.237,0.117,0.046,0.24,0.237
0.002,0.068,0.242,0.237,0.237,0.117,0.044,0.24,0.237
0.002,0.068,0.242,0.237,0.237,0.117,0.044,0.24,0.237
0.002,0.068,0.242,0.237,0.224,0.117,0.044,0.24,0.237
0.002,0.068,0.242,0.237,0.224,0.117,0.044,0.24,0.237
0.002,0.068,0.242,0.237,0.221,0.117,0.044,0.24,0.237
0.002,0.068,0.242,0.237,0.221,0.117,0.044,0.24,0.237
0.002,0.068,0.242,0.237,0.221,0.115,0.011,0.24,0.237
0.002,0.068,0.242,0.237,0.221,0.115,0.011,0.24,0.237
0.002,0.068,0.242,0.237,0.221,0.115,0.011,0.24,0.237
0.002,0.068,0.242,0.237,0.221,0.115,0.011,0.24,0.237
0.002,0.068,0.242,0.237,0.221,0.113,0.011,0.24,0.237
0.002,0.068,0.242,0.237,0.221,0.105,0.011,0.24,0.237
0.002,0.034,0.242,0.237,0.221,0.105,0.011,0.24,0.237
0.002,0.034,0.242,0.237,0.221,0.105,0.011,0.24,0.237
0.002,0.034,0.242,0.237,0.221,0.105,0.011,0.24,0.237
0.002,0.034,0.242,0.237,0.201,0.105,0.011,0.24,0.237
0.002,0.034,0.242,0.237,0.201,0.105,0.011,0.24,0.237
0.002,0.034,0.242,0.237,0.198,0.105,0.011,0.24,0.237
0.002,0.034,0.242,0.237,0.198,0.105,0.011,0.24,0.237
0.002,0.034,0.242,0.237,0.187,0.105,0.011,0.24,0.237
0.002,0.034,0.242,0.237,0.089,0.103,0.011,0.24,0.235
0.002,0.034,0.242,0.237,0.087,0.103,0.011,0.24,0.231
0.002,0.034,0.242,0.235,0.087,0.103,0.011,0.24,0.231
0.002,0.034,0.242,0.231,0.087,0.099,0.011,0.24,0.231
0.002,0.034,0.242,0.231,0.075,0.099,0.011,0.24,0.228
0.002,0.034,0.242,0.231,0.075,0.099,0.011,0.24,0.228
0.001,0.034,0.242,0.228,0.075,0.099,0.011,0.24,0.226
0.001,0.034,0.242,0.228,0.075,0.099,0.011,0.24,0.226
0.001,0.034,0.242,0.226,0.075,0.099,0.011,0.24,0.226
0.001,0.034,0.242,0.226,0.075,0.099,0.011,0.24,0.226
0.001,0.034,0.242,0.226,0.075,0.099,0.011,0.24,0.224
0.001,0.034,0.242,0.226,0.075,0.099,0.011,0.24,0.222
0.001,0.034,0.242,0.224,0.075,0.099,0.011,0.24,0.222
0.001,0.034,0.242,0.222,0.075,0.099,0.011,0.24,0.221
0.001,0.034,0.242,0.222,0.075,0.099,0.011,0.24,0.073
0.001,0.034,0.242,0.221,0.075,0.099,0.011,0.24,0.073
0.001,0.034,0.242,0.073,0.075,0.097,0.011,0.24,0.073
0.001,0.034,0.242,0.073,0.075,0.097,0.011,0.24,0.073
0.001,0.034,0.242,0.073,0.073,0.097,0.011,0.24,0.073
0.001,0.034,0.242,0.073,0.073,0.095,0.011,0.24,0.073
0.001,0.034,0.242,0.073,0.073,0.095,0.011,0.24,0.073
0.001,0.034,0.242,0.073,0.073,0.095,0.011,0.24,0.073
0.001,0.034,0.242,0.073,0.073,0.087,0.011,0.24,0.073
0.001,0.034,0.242,0.073,0.073,0.061,0.011,0.24,0.073
0.001,0.034,0.242,0.073,0.073,0.061,0.011,0.24,0.073
0.001,0.034,0.242,0.073,0.07,0.061,0.011,0.24,0.073
0.001,0.034,0.242,0.073,0.07,0.061,0.011,0.24,0.073
0.001,0.034,0.242,0.073,0.07,0.061,0.011,0.24,0.073
0.001,0.034,0.242,0.073,0.07,0.061,0.011,0.24,0.073
0.001,0.034,0.242,0.073,0.07,0.061,0.011,0.24,0.071
0.001,0.034,0.242,0.071,0.07,0.017,0.009,0.24,0.071
0.001,0.034,0.242,0.069,0.07,0.017,0.009,0.24,0.069
0.001,0.034,0.242,0.069,0.07,0.017,0.009,0.24,0.069
0.001,0.034,0.242,0.069,0.07,0.017,0.009,0.24,0.069
0.001,0.034,0.242,0.069,0.064,0.017,0.009,0.24,0.069
0.001,0.034,0.242,0.069,0.064,0.017,0.009,0.24,0.069
0.001,0.034,0.242,0.069,0.064,0.017,0.009,0.24,0.069
0.001,0.034,0.242,0.069,0.064,0.017,0.009,0.24,0.069
0.001,0.034,0.242,0.069,0.064,0.017,0.009,0.24,0.069
0.001,0.034,0.242,0.069,0.064,0.017,0.009,0.24,0.069
0.001,0.034,0.242,0.069,0.064,0.017,0.008,0.24,0.069
0.001,0.034,0.242,0.069,0.064,0.017,0.008,0.239,0.069
0.001,0.034,0.242,0.069,0.064,0.017,0.008,0.239,0.069
0.001,0.034,0.242,0.069,0.064,0.017,0.008,0.239,0.069
0.001,0.034,0.242,0.069,0.064,0.017,0.008,0.239,0.069
0.001,0.034,0.242,0.069,0.064,0.017,0.008,0.239,0.069
0.001,0.034,0.242,0.069,0.064,0.017,0.008,0.239,0.069
0.001,0.034,0.242,0.069,0.064,0.017,0.008,0.239,0.069
0.001,0.034,0.242,0.069,0.064,0.017,0.008,0.239,0.069
0.001,0.034,0.242,0.069,0.062,0.017,0.008,0.239,0.069
0.001,0.034,0.242,0.069,0.062,0.017,0.008,0.239,0.069
0.001,0.034,0.242,0.069,0.062,0.017,0.008,0.239,0.069
0.001,0.034,0.242,0.069,0.062,0.017,0.008,0.239,0.069
0.001,0.034,0.242,0.051,0.062,0.017,0.008,0.239,0.051
0.001,0.034,0.242,0.051,0.062,0.017,0.008,0.239,0.051
0.001,0.034,0.242,0.051,0.062,0.017,0.008,0.239,0.048
0.001,0.034,0.242,0.048,0.062,0.017,0.008,0.239,0.019
0.001,0.034,0.242,0.019,0.062,0.017,0.008,0.239,0.019
0.001,0.034,0.242,0.019,0.062,0.017,0.008,0.239,0.019
0.001,0.034,0.242,0.019,0.062,0.017,0.008,0.239,0.019
0.001,0.034,0.242,0.019,0.057,0.017,0.008,0.239,0.019
0.001,0.034,0.242,0.019,0.057,0.017,0.008,0.239,0.019
0.001,0.034,0.242,0.019,0.057,0.017,0.008,0.239,0.019
0.001,0.034,0.242,0.019,0.057,0.017,0.008,0.239,0.019
0.001,0.034,0.242,0.019,0.057,0.017,0.008,0.239,0.019
0.001,0.034,0.242,0.019,0.055,0.017,0.008,0.239,0.019
0.001,0.034,0.242,0.019,0.055,0.017,0.008,0.239,0.019
0.001,0.034,0.242,0.019,0.055,0.008,0.008,0.239,0.019
0.001,0.034,0.242,0.019,0.055,0.008,0.008,0.239,0.019
0.001,0.034,0.242,0.019,0.055,0.008,0.008,0.239,0.019
0.001,0.034,0.242,0.019,0.055,0.008,0.008,0.239,0.019
0.001,0.034,0.242,0.019,0.055,0.008,0.008,0.239,0.019
0.001,0.034,0.242,0.019,0.055,0.008,0.008,0.239,0.019
0.001,0.034,0.242,0.019,0.055,0.008,0.008,0.239,0.019
0.001,0.034,0.242,0.019,0.055,0.008,0.008,0.239,0.019
0.001,0.034,0.242,0.019,0.055,0.008,0.008,0.239,0.019
0.001,0.034,0.242,0.019,0.055,0.008,0.008,0.239,0.019
0.001,0.034,0.242,0.019,0.055,0.008,0.008,0.239,0.019
0.001,0.034,0.242,0.019,0.055,0.008,0.008,0.239,0.019
0.001,0.034,0.242,0.019,0.055,0.008,0.008,0.239,0.019
0.001,0.034,0.242,0.019,0.055,0.008,0.008,0.239,0.019
0.001,0.034,0.242,0.019,0.055,0.008,0.008,0.239,0.019
0.001,0.034,0.242,0.019,0.055,0.008,0.008,0.239,0.019
0.001,0.034,0.242,0.019,0.055,0.008,0.008,0.239,0.019
0.001,0.034,0.242,0.019,0.053,0.008,0.008,0.239,0.019
0.001,0.034,0.242,0.019,0.053,0.008,0.008,0.239,0.019
0.001,0.034,0.242,0.019,0.053,0.008,0.008,0.239,0.019
0.001,0.034,0.242,0.019,0.053,0.008,0.008,0.239,0.019
0.001,0.034,0.242,0.019,0.053,0.008,0.008,0.239,0.019
0.001,0.034,0.242,0.019,0.05,0.008,0.008,0.239,0.019
0.001,0.034,0.242,0.019,0.05,0.008,0.008,0.239,0.019
0.001,0.034,0.242,0.019,0.05,0.008,0.008,0.239,0.019
0.001,0.034,0.242,0.019,0.05,0.008,0.008,0.239,0.019
0.001,0.034,0.242,0.019,0.05,0.008,0.008,0.239,0.019
0.001,0.034,0.242,0.019,0.05,0.008,0.008,0.239,0.019
0.001,0.034,0.242,0.019,0.05,0.008,0.008,0.239,0.004
0.001,0.034,0.242,0.019,0.05,0.008,0.008,0.239,0.004
0.001,0.034,0.242,0.019,0.05,0.008,0.008,0.239,0.004
0.001,0.034,0.242,0.019,0.05,0.007,0.008,0.239,0.004
0.001,0.034,0.242,0.019,0.05,0.007,0.008,0.239,0.004
0.001,0.032,0.242,0.019,0.05,0.007,0.008,0.239,0.004
0.001,0.032,0.242,0.019,0.05,0.007,0.008,0.239,0.004
0.001,0.032,0.242,0.019,0.05,0.007,0.008,0.239,0.004
0.001,0.032,0.242,0.004,0.05,0.007,0.008,0.239,0.004
0.001,0.032,0.242,0.004,0.05,0.007,0.008,0.239,0.004
0.001,0.032,0.242,0.004,0.05,0.007,0.008,0.239,0.004
0.001,0.032,0.242,0.004,0.05,0.007,0.008,0.239,0.004
0.001,0.032,0.242,0.004,0.05,0.007,0.008,0.239,0.004
0.001,0.03,0.242,0.004,0.05,0.007,0.008,0.239,0.004
0.001,0.03,0.242,0.004,0.05,0.007,0.008,0.239,0.004
0.001,0.03,0.242,0.004,0.05,0.007,0.008,0.239,0.004
0.001,0.03,0.242,0.004,0.05,0.007,0.008,0.239,0.004
0.001,0.03,0.242,0.004,0.05,0.007,0.008,0.239,0.002
0.001,0.03,0.242,0.004,0.043,0.007,0.008,0.239,0.002
0.001,0.03,0.242,0.004,0.043,0.006,0.008,0.239,0.002
0.001,0.028,0.242,0.004,0.043,0.006,0.008,0.239,0.002
0.001,0.028,0.242,0.004,0.043,0.006,0.008,0.239,0.002
0.001,0.028,0.242,0.004,0.043,0.002,0.008,0.239,0.002
0.001,0.028,0.242,0.004,0.043,0.002,0.008,0.239,0.002
0.001,0.028,0.242,0.002,0.043,0.002,0.008,0.239,0.002
0.001,0.028,0.242,0.002,0.043,0.002,0.008,0.239,0.002
0.001,0.028,0.242,0.002,0.043,0.002,0.008,0.239,0.002
0.001,0.028,0.242,0.002,0.043,0.002,0.008,0.239,0.002
0.001,0.028,0.242,0.002,0.043,0.002,0.008,0.239,0.002
0.001,0.028,0.242,0.002,0.043,0.002,0.008,0.239,0.002
0.001,0.028,0.242,0.002,0.043,0.002,0.008,0.239,0.002
0.001,0.028,0.242,0.002,0.042,0.002,0.008,0.239,0.002
0.001,0.025,0.242,0.002,0.042,0.002,0.008,0.239,0.002
0.001,0.025,0.242,0.002,0.042,0.002,0.008,0.239,0.002
0.001,0.025,0.242,0.002,0.042,0.002,0.008,0.239,0.002
0.001,0.025,0.242,0.002,0.042,0.002,0.008,0.239,0.002
0.001,0.025,0.242,0.002,0.042,0.002,0.008,0.239,0.002
0.001,0.025,0.242,0.002,0.042,0.002,0.008,0.239,0.002
0.001,0.025,0.242,0.002,0.035,0.002,0.008,0.239,0.002
0.001,0.025,0.242,0.002,0.035,0.002,0.008,0.239,0.002
0.001,0.025,0.242,0.002,0.004,0.002,0.008,0.239,0.002
0.001,0.018,0.242,0.002,0.004,0.002,0.008,0.239,0.002
0.001,0.018,0.242,0.002,0.004,0.002,0.008,0.239,0.002
0.001,0.018,0.242,0.002,0.004,0.002,0.008,0.239,0.002
0.001,0.018,0.242,0.002,0.004,0.002,0.008,0.239,0.002
0.001,0.018,0.242,0.002,0.004,0.002,0.008,0.239,0.002
0.001,0.018,0.242,0.002,0.004,0.002,0.008,0.239,0.002
0.001,0.018,0.242,0.002,0.004,0.002,0.008,0.239,0.002
0.001,0.018,0.242,0.002,0.004,0.002,0.008,0.239,0.002
0.001,0.018,0.242,0.002,0.004,0.002,0.008,0.239,0.002
0.001,0.018,0.242,0.002,0.004,0.002,0.008,0.239,0.002
0.001,0.018,0.242,0.002,0.004,0.002,0.008,0.239,0.002
0.001,0.018,0.242,0.002,0.004,0.002,0.008,0.239,0.002
0.001,0.018,0.242,0.002,0.004,0.002,0.008,0.239,0.002
0.001,0.013,0.242,0.002,0.004,0.002,0.008,0.239,0.002
0.001,0.013,0.242,0.002,0.004,0.002,0.008,0.239,0.002
0.001,0.013,0.242,0.002,0.004,0.002,0.008,0.239,0.002
0.001,0.013,0.242,0.002,0.004,0.002,0.008,0.239,0.002
0.001,0.013,0.242,0.002,0.004,0.002,0.008,0.239,0.002
0.001,0.013,0.242,0.002,0.004,0.002,0.008,0.239,0.002
0.001,0.013,0.242,0.002,0.004,0.002,0.008,0.239,0.002
0.001,0.013,0.242,0.002,0.004,0.002,0.008,0.239,0.002
0.001,0.013,0.242,0.002,0.004,0.002,0.008,0.239,0.002
0.001,0.013,0.242,0.002,0.004,0.002,0.008,0.239,0.002
0.001,0.013,0.242,0.002,0.004,0.002,0.008,0.239,0.002
0.001,0.013,0.242,0.002,0.004,0.002,0.008,0.239,0.002
0.001,0.013,0.242,0.002,0.004,0.002,0.008,0.239,0.002
0.001,0.013,0.242,0.002,0.004,0.002,0.008,0.239,0.002
0.001,0.013,0.242,0.002,0.004,0.002,0.008,0.239,0.002
0.001,0.013,0.242,0.002,0.004,0.002,0.008,0.239,0.002
0.001,0.013,0.242,0.002,0.004,0.002,0.008,0.239,0.002
0.001,0.013,0.242,0.002,0.004,0.002,0.008,0.239,0.002
0.001,0.013,0.242,0.002,0.004,0.002,0.008,0.239,0.002
0.001,0.013,0.242,0.002,0.004,0.002,0.008,0.239,0.002
0.001,0.013,0.242,0.002,0.004,0.002,0.008,0.239,0.002
0.001,0.013,0.242,0.002,0.004,0.002,0.008,0.239,0.002
0.001,0.013,0.242,0.002,0.004,0.002,0.008,0.239,0.002
0.001,0.013,0.242,0.002,0.004,0.002,0.008,0.239,0.002
0.001,0.013,0.242,0.002,0.004,0.002,0.008,0.239,0.002
0.001,0.013,0.242,0.002,0.004,0.002,0.008,0.239,0.002
0.001,0.013,0.242,0.002,0.004,0.002,0.008,0.239,0.002
0.001,0.013,0.242,0.002,0.004,0.002,0.008,0.239,0.002
0.001,0.013,0.242,0.002,0.004,0.002,0.008,0.239,0.002
0.001,0.013,0.242,0.002,0.004,0.002,0.008,0.239,0.002
0.001,0.013,0.242,0.002,0.004,0.002,0.008,0.239,0.002
0.001,0.013,0.242,0.002,0.004,0.002,0.008,0.239,0.002
0.001,0.013,0.242,0.002,0.003,0.002,0.007,0.239,0.002
0.001,0.013,0.242,0.002,0.003,0.002,0.007,0.239,0.002
0.001,0.013,0.242,0.002,0.003,0.002,0.007,0.239,0.002
0.001,0.013,0.242,0.002,0.003,0.002,0.007,0.239,0.002
0.001,0.013,0.242,0.002,0.003,0.002,0.007,0.239,0.002
0.001,0.013,0.242,0.002,0.003,0.002,0.007,0.239,0.002
0.001,0.013,0.242,0.002,0.003,0.002,0.007,0.239,0.002
0.001,0.013,0.242,0.002,0.003,0.002,0.007,0.239,0.002
0.001,0.013,0.242,0.002,0.003,0.002,0.007,0.239,0.002
0.001,0.013,0.242,0.002,0.003,0.002,0.007,0.239,0.002
0.001,0.013,0.242,0.002,0.003,0.002,0.007,0.239,0.002
0.001,0.013,0.242,0.002,0.003,0.002,0.007,0.239,0.002
0.001,0.013,0.242,0.002,0.003,0.002,0.007,0.239,0.002
0.001,0.013,0.242,0.002,0.003,0.002,0.007,0.239,0.002
0.001,0.013,0.242,0.002,0.003,0.002,0.007,0.239,0.002
0.001,0.013,0.242,0.002,0.003,0.002,0.007,0.239,0.002
0.001,0.013,0.242,0.002,0.003,0.002,0.007,0.239,0.002
0.001,0.013,0.242,0.002,0.003,0.002,0.007,0.239,0.002
0.001,0.013,0.242,0.002,0.003,0.002,0.007,0.239,0.002
0.001,0.013,0.242,0.002,0.003,0.002,0.007,0.239,0.002
0.001,0.013,0.242,0.002,0.003,0.002,0.007,0.239,0.002
0.001,0.013,0.242,0.002,0.003,0.002,0.007,0.239,0.002
0.001,0.013,0.242,0.002,0.003,0.002,0.007,0.239,0.002
0.001,0.013,0.242,0.002,0.003,0.002,0.007,0.239,0.002
0.001,0.013,0.237,0.002,0.003,0.002,0.007,0.239,0.002
0.001,0.013,0.237,0.002,0.003,0.002,0.007,0.239,0.002
0.001,0.013,0.237,0.002,0.003,0.002,0.007,0.239,0.002
0.001,0.013,0.237,0.002,0.003,0.002,0.007,0.239,0.002
0.001,0.013,0.237,0.002,0.003,0.002,0.007,0.239,0.002
0.001,0.013,0.237,0.002,0.003,0.002,0.007,0.239,0.002
0.001,0.013,0.237,0.002,0.003,0.002,0.007,0.239,0.002
0.001,0.013,0.237,0.002,0.003,0.002,0.007,0.239,0.002
0.001,0.013,0.237,0.002,0.003,0.002,0.007,0.239,0.002
0.001,0.013,0.237,0.002,0.003,0.002,0.007,0.239,0.002
0.001,0.013,0.237,0.002,0.003,0.002,0.007,0.239,0.002
0.001,0.013,0.237,0.002,0.003,0.002,0.007,0.239,0.002
0.001,0.013,0.237,0.002,0.003,0.002,0.007,0.239,0.002
0.001,0.013,0.237,0.002,0.003,0.002,0.007,0.239,0.002
0.001,0.013,0.237,0.002,0.003,0.002,0.007,0.239,0.002
0.001,0.013,0.237,0.002,0.003,0.002,0.007,0.239,0.002
0.001,0.013,0.237,0.002,0.003,0.002,0.007,0.239,0.002
0.001,0.013,0.237,0.002,0.003,0.002,0.007,0.239,0.002
0.001,0.013,0.237,0.002,0.003,0.002,0.007,0.239,0.002
0.001,0.013,0.237,0.002,0.003,0.002,0.007,0.239,0.002
0.001,0.013,0.237,0.002,0.003,0.002,0.007,0.239,0.002
0.001,0.013,0.237,0.002,0.003,0.002,0.007,0.239,0.002
0.001,0.013,0.237,0.002,0.003,0.002,0.007,0.239,0.002
0.001,0.006,0.237,0.002,0.003,0.002,0.007,0.239,0.002
0.001,0.006,0.237,0.002,0.003,0.002,0.007,0.239,0.002
0.001,0.006,0.237,0.002,0.003,0.002,0.007,0.239,0.002
0.001,0.006,0.237,0.002,0.003,0.002,0.007,0.239,0.002
0.001,0.006,0.235,0.002,0.003,0.002,0.007,0.239,0.002
0.001,0.006,0.235,0.002,0.003,0.002,0.007,0.239,0.002
0.001,0.006,0.234,0.002,0.003,0.002,0.007,0.239,0.002
0.001,0.006,0.234,0.002,0.003,0.002,0.007,0.239,0.002
0.001,0.005,0.234,0.002,0.003,0.002,0.007,0.239,0.002
0.001,0.005,0.234,0.002,0.003,0.002,0.007,0.239,0.002
0.001,0.005,0.234,0.002,0.003,0.002,0.007,0.239,0.002
0.001,0.005,0.234,0.002,0.003,0.002,0.007,0.239,0.002
0.001,0.005,0.233,0.002,0.003,0.002,0.007,0.239,0.002
0.001,0.005,0.233,0.002,0.003,0.002,0.007,0.239,0.002
0.001,0.005,0.232,0.002,0.003,0.002,0.007,0.239,0.002
0.001,0.005,0.232,0.002,0.003,0.002,0.007,0.239,0.001
0.001,0.005,0.232,0.002,0.003,0.002,0.007,0.239,0.001
0.001,0.005,0.232,0.002,0.003,0.002,0.007,0.239,0.001
0.001,0.005,0.232,0.002,0.003,0.002,0.007,0.239,0.001
0.001,0.005,0.232,0.002,0.003,0.002,0.007,0.239,0.001
0.001,0.005,0.231,0.002,0.003,0.002,0.007,0.239,0.001
0.001,0.005,0.231,0.002,0.003,0.002,0.007,0.239,0.001
0.001,0.005,0.231,0.002,0.003,0.002,0.007,0.239,0.001
0.001,0.005,0.23,0.002,0.003,0.002,0.007,0.239,0.001
0.001,0.005,0.229,0.002,0.003,0.002,0.007,0.239,0.001
0.001,0.005,0.229,0.002,0.003,0.002,0.007,0.239,0.001
0.001,0.005,0.228,0.002,0.003,0.002,0.007,0.239,0.001
0.001,0.005,0.228,0.002,0.003,0.002,0.007,0.239,0.001
0.001,0.005,0.228,0.002,0.003,0.002,0.007,0.239,0.001
0.001,0.005,0.228,0.002,0.003,0.002,0.007,0.239,0.001
0.001,0.005,0.227,0.002,0.003,0.002,0.007,0.239,0.001
0.001,0.005,0.227,0.002,0.003,0.002,0.007,0.239,0.001
0.001,0.005,0.226,0.002,0.003,0.002,0.007,0.239,0.001
0.001,0.005,0.225,0.002,0.003,0.002,0.007,0.239,0.001
0.001,0.005,0.225,0.002,0.003,0.002,0.007,0.239,0.001
0.001,0.005,0.225,0.002,0.003,0.002,0.007,0.239,0.001
0.001,0.005,0.225,0.002,0.003,0.002,0.007,0.239,0.001
0.001,0.005,0.225,0.002,0.003,0.002,0.007,0.239,0.001
0.001,0.005,0.225,0.002,0.003,0.002,0.007,0.239,0.001
0.001,0.005,0.225,0.002,0.003,0.002,0.007,0.239,0.001
0.001,0.005,0.225,0.002,0.003,0.002,0.007,0.239,0.001
0.001,0.005,0.225,0.002,0.003,0.002,0.007,0.239,0.001
0.001,0.005,0.225,0.002,0.003,0.002,0.007,0.239,0.001
0.001,0.005,0.223,0.002,0.003,0.002,0.007,0.239,0.001
0.001,0.005,0.223,0.002,0.003,0.002,0.007,0.239,0.001
0.001,0.005,0.223,0.002,0.003,0.002,0.007,0.239,0.001
0.001,0.005,0.218,0.002,0.003,0.002,0.007,0.239,0.001
0.001,0.005,0.218,0.002,0.003,0.002,0.007,0.239,0.001
0.001,0.005,0.218,0.002,0.003,0.002,0.007,0.239,0.001
0.001,0.005,0.216,0.002,0.003,0.002,0.007,0.239,0.001
0.001,0.005,0.216,0.002,0.003,0.002,0.007,0.239,0.001
0.001,0.005,0.216,0.002,0.003,0.002,0.007,0.239,0.001
0.001,0.005,0.216,0.002,0.003,0.002,0.007,0.239,0.001
0.001,0.005,0.212,0.002,0.003,0.002,0.007,0.239,0.001
0.001,0.005,0.206,0.002,0.003,0.002,0.007,0.239,0.001
0.001,0.005,0.206,0.002,0.003,0.002,0.007,0.239,0.001
0.001,0.005,0.206,0.002,0.003,0.002,0.007,0.239,0.001
0.001,0.005,0.205,0.002,0.003,0.002,0.007,0.239,0.001
0.001,0.005,0.205,0.002,0.003,0.002,0.007,0.239,0.001
0.001,0.005,0.204,0.002,0.003,0.002,0.007,0.239,0.001
0.001,0.005,0.202,0.002,0.003,0.002,0.007,0.239,0.001
0.001,0.005,0.202,0.002,0.003,0.002,0.007,0.239,0.001
0.001,0.005,0.202,0.002,0.003,0.002,0.007,0.239,0.001
0.001,0.005,0.202,0.002,0.003,0.002,0.007,0.239,0.001
0.001,0.005,0.201,0.002,0.003,0.002,0.007,0.239,0.001
0.001,0.005,0.2,0.002,0.003,0.002,0.007,0.239,0.001
0.001,0.005,0.199,0.002,0.003,0.002,0.007,0.239,0.001
0.001,0.005,0.197,0.002,0.003,0.002,0.007,0.239,0.001
0.001,0.004,0.197,0.002,0.003,0.002,0.007,0.239,0.001
0.001,0.004,0.197,0.002,0.003,0.002,0.007,0.239,0.001
0.001,0.004,0.197,0.002,0.003,0.002,0.007,0.239,0.001
0.001,0.004,0.197,0.002,0.003,0.002,0.007,0.239,0.001
0.001,0.004,0.197,0.002,0.003,0.002,0.007,0.239,0.001
0.001,0.004,0.197,0.002,0.003,0.002,0.007,0.239,0.001
0.001,0.004,0.197,0.002,0.003,0.002,0.007,0.239,0.001
0.001,0.004,0.195,0.002,0.003,0.002,0.007,0.238,0.001
0.001,0.004,0.146,0.002,0.003,0.002,0.007,0.238,0.001
0.001,0.004,0.146,0.002,0.003,0.002,0.007,0.235,0.001
0.001,0.004,0.146,0.002,0.003,0.002,0.007,0.23,0.001
0.001,0.004,0.144,0.002,0.003,0.002,0.007,0.229,0.001
0.001,0.004,0.144,0.002,0.003,0.002,0.007,0.226,0.001
0.001,0.004,0.13,0.002,0.003,0.002,0.007,0.225,0.001
0.001,0.004,0.13,0.001,0.003,0.002,0.007,0.21,0.001
0.001,0.004,0.13,0.001,0.003,0.002,0.007,0.21,0.001
0.001,0.004,0.13,0.001,0.003,0.002,0.007,0.21,0.001
0.001,0.004,0.13,0.001,0.003,0.002,0.007,0.21,0.001
0.001,0.004,0.13,0.001,0.003,0.002,0.007,0.208,0.001
0.001,0.004,0.124,0.001,0.003,0.002,0.007,0.076,0.001
0.001,0.004,0.124,0.001,0.003,0.002,0.007,0.076,0.001
0.001,0.004,0.124,0.001,0.003,0.002,0.007,0.076,0.001
0.001,0.004,0.124,0.001,0.003,0.002,0.007,0.072,0.001
0.001,0.004,0.124,0.001,0.003,0.002,0.007,0.072,0.001
0.001,0.004,0.117,0.001,0.003,0.002,0.007,0.072,0.001
0.001,0.004,0.117,0.001,0.003,0.002,0.007,0.072,0.001
0.001,0.004,0.115,0.001,0.003,0.002,0.007,0.072,0.001
0.001,0.004,0.115,0.001,0.003,0.002,0.007,0.071,0.001
0.001,0.004,0.109,0.001,0.003,0.002,0.007,0.071,0.001
0.001,0.004,0.107,0.001,0.003,0.002,0.007,0.071,0.001
0.001,0.004,0.099,0.001,0.003,0.002,0.007,0.071,0.001
0.001,0.004,0.099,0.001,0.003,0.002,0.007,0.071,0.001
0.001,0.004,0.081,0.001,0.003,0.002,0.007,0.071,0.001
0.001,0.004,0.081,0.001,0.003,0.002,0.007,0.071,0.001
0.001,0.004,0.081,0.001,0.003,0.002,0.007,0.071,0.001
0.001,0.004,0.074,0.001,0.003,0.002,0.007,0.071,0.001
0.001,0.004,0.074,0.001,0.003,0.002,0.007,0.07,0.001
0.001,0.004,0.074,0.001,0.003,0.002,0.007,0.07,0.001
0.001,0.004,0.074,0.001,0.003,0.002,0.007,0.07,0.001
0.001,0.004,0.074,0.001,0.003,0.002,0.007,0.07,0.001
0.001,0.004,0.074,0.001,0.003,0.002,0.007,0.07,0.001
0.001,0.004,0.072,0.001,0.003,0.002,0.007,0.07,0.001
0.001,0.004,0.066,0.001,0.003,0.002,0.007,0.065,0.001
0.001,0.004,0.066,0.001,0.003,0.002,0.007,0.064,0.001
0.001,0.004,0.066,0.001,0.003,0.002,0.007,0.064,0.001
0.001,0.004,0.066,0.001,0.003,0.002,0.007,0.064,0.001
0.001,0.004,0.061,0.001,0.003,0.002,0.007,0.064,0.001
0.001,0.004,0.061,0.001,0.003,0.002,0.007,0.062,0.001
0.001,0.004,0.061,0.001,0.003,0.002,0.007,0.062,0.001
0.001,0.004,0.061,0.001,0.003,0.002,0.007,0.062,0.001
0.001,0.004,0.061,0.001,0.003,0.002,0.007,0.062,0.001
0.001,0.004,0.045,0.001,0.003,0.002,0.007,0.062,0.001
0.001,0.004,0.045,0.001,0.003,0.002,0.007,0.06,0.001
0.001,0.004,0.017,0.001,0.003,0.002,0.007,0.06,0.001
0.001,0.004,0.017,0.001,0.003,0.002,0.007,0.06,0.001
0.001,0.004,0.017,0.001,0.003,0.002,0.007,0.06,0.001
0.001,0.004,0.017,0.001,0.003,0.002,0.007,0.06,0.001
0.001,0.004,0.017,0.001,0.003,0.002,0.007,0.058,0.001
0.001,0.004,0.017,0.001,0.003,0.002,0.007,0.058,0.001
0.001,0.004,0.017,0.001,0.003,0.002,0.007,0.042,0.001
0.001,0.004,0.017,0.001,0.003,0.002,0.007,0.042,0.001
0.001,0.004,0.017,0.001,0.001,0.002,0.007,0.042,0.001
0.001,0.004,0.017,0.001,0.001,0.002,0.007,0.042,0.001
0.001,0.004,0.017,0.001,0.001,0.002,0.007,0.042,0.001
0.001,0.004,0.017,0.001,0.001,0.002,0.007,0.042,0.001
0.001,0.004,0.017,0.001,0.001,0.002,0.007,0.042,0.001
0.001,0.004,0.017,0.001,0.001,0.002,0.007,0.042,0.001
0.001,0.004,0.017,0.001,0.001,0.002,0.007,0.042,0.001
0.001,0.004,0.017,0.001,0.001,0.002,0.007,0.042,0.001
0.001,0.004,0.017,0.001,0.001,0.002,0.007,0.042,0.001
0.001,0.004,0.017,0.001,0.001,0.002,0.007,0.042,0.001
0.001,0.004,0.017,0.001,0.001,0.002,0.007,0.042,0.001
0.001,0.004,0.017,0.001,0.001,0.002,0.007,0.042,0.001
0.001,0.004,0.017,0.001,0.001,0.002,0.007,0.034,0.001
0.001,0.004,0.017,0.001,0.001,0.002,0.007,0.034,0.001
0.001,0.004,0.017,0.001,0.001,0.002,0.007,0.034,0.001
0.001,0.004,0.017,0.001,0.001,0.002,0.007,0.034,0.001
0.001,0.004,0.017,0.001,0.001,0.002,0.007,0.034,0.001
0.001,0.004,0.017,0.001,0.001,0.002,0.007,0.034,0.001
0.001,0.004,0.017,0.001,0.001,0.002,0.007,0.034,0.001
0.001,0.004,0.017,0.001,0.001,0.002,0.007,0.034,0.001
0.001,0.004,0.017,0.001,0.001,0.002,0.007,0.034,0.001
0.001,0.004,0.017,0.001,0.001,0.002,0.007,0.034,0.001
0.001,0.004,0.017,0.001,0.001,0.002,0.007,0.034,0.001
0.001,0.004,0.004,0.001,0.001,0.002,0.007,0.034,0.001
0.001,0.004,0.004,0.001,0.001,0.002,0.007,0.034,0.001
0.001,0.004,0.004,0.001,0.001,0.002,0.007,0.034,0.001
0.001,0.004,0.004,0.001,0.001,0.002,0.007,0.027,0.001
0.001,0.004,0.004,0.001,0.001,0.002,0.007,0.027,0.001
0.001,0.004,0.004,0.001,0.001,0.002,0.007,0.025,0.001
0.001,0.004,0.004,0.001,0.001,0.002,0.007,0.025,0.001
0.001,0.004,0.004,0.001,0.001,0.002,0.007,0.005,0.001
0.001,0.004,0.004,0.001,0.001,0.002,0.007,0.005,0.001
0.001,0.004,0.004,0.001,0.001,0.002,0.007,0.005,0.001
0.001,0.004,0.004,0.001,0.001,0.002,0.007,0.005,0.001
0.001,0.004,0.004,0.001,0.001,0.002,0.007,0.005,0.001
0.001,0.004,0.004,0.001,0.001,0.002,0.007,0.005,0.001
0.001,0.004,0.004,0.001,0.001,0.002,0.007,0.005,0.001
0.001,0.004,0.004,0.001,0.001,0.002,0.007,0.005,0.001
0.001,0.004,0.004,0.001,0.001,0.002,0.007,0.005,0.001
0.001,0.004,0.004,0.001,0.001,0.002,0.007,0.005,0.001
0.001,0.004,0.004,0.001,0.001,0.002,0.007,0.005,0.001
0.001,0.004,0.004,0.001,0.001,0.002,0.007,0.005,0.001
0.001,0.004,0.004,0.001,0.001,0.002,0.007,0.005,0.001
0.001,0.004,0.004,0.001,0.001,0.002,0.007,0.005,0.001
0.001,0.004,0.004,0.001,0.001,0.002,0.007,0.005,0.001
0.001,0.004,0.004,0.001,0.001,0.002,0.007,0.005,0.001
0.001,0.004,0.004,0.001,0.001,0.002,0.007,0.005,0.001
0.001,0.004,0.004,0.001,0.001,0.002,0.007,0.005,0.001
0.001,0.004,0.004,0.001,0.001,0.002,0.007,0.005,0.001
0.001,0.004,0.004,0.001,0.001,0.002,0.007,0.005,0.001
0.001,0.004,0.004,0.001,0.001,0.002,0.007,0.005,0.001
0.001,0.004,0.004,0.001,0.001,0.002,0.007,0.005,0.001
0.001,0.004,0.004,0.001,0.001,0.002,0.007,0.005,0.001
0.001,0.004,0.004,0.001,0.001,0.002,0.007,0.005,0.001
0.001,0.004,0.004,0.001,0.001,0.002,0.007,0.005,0.001
0.001,0.004,0.004,0.001,0.001,0.002,0.007,0.005,0.001
0.001,0.004,0.004,0.001,0.001,0.002,0.007,0.005,0.001
0.001,0.004,0.004,0.001,0.001,0.002,0.007,0.005,0.001
0.001,0.003,0.004,0.001,0.001,0.002,0.007,0.005,0.001
0.001,0.003,0.004,0.001,0.001,0.002,0.007,0.005,0.001
0.001,0.003,0.004,0.001,0.001,0.002,0.007,0.005,0.001
0.001,0.003,0.004,0.001,0.001,0.002,0.007,0.005,0.001
0.001,0.003,0.004,0.001,0.001,0.002,0.007,0.005,0.001
0.001,0.003,0.004,0.001,0.001,0.002,0.007,0.005,0.001
0.001,0.003,0.004,0.001,0.001,0.002,0.007,0.005,0.001
0.001,0.003,0.004,0.001,0.001,0.002,0.007,0.005,0.001
0.001,0.003,0.004,0.001,0.001,0.002,0.007,0.005,0.001
0.001,0.003,0.004,0.001,0.001,0.002,0.007,0.005,0.001
0.001,0.003,0.004,0.001,0.001,0.002,0.007,0.005,0.001
0.001,0.003,0.004,0.001,0.001,0.002,0.007,0.005,0.001
0.001,0.003,0.004,0.001,0.001,0.002,0.007,0.005,0.001
0.001,0.003,0.004,0.001,0.001,0.002,0.007,0.005,0.001
0.001,0.003,0.004,0.001,0.001,0.002,0.007,0.005,0.001
0.001,0.003,0.004,0.001,0.001,0.002,0.007,0.005,0.001
0.001,0.003,0.004,0.001,0.001,0.002,0.007,0.005,0.001
0.001,0.003,0.004,0.001,0.001,0.002,0.007,0.005,0.001
0.001,0.003,0.004,0.001,0.001,0.002,0.007,0.005,0.001
0.001,0.003,0.004,0.001,0.001,0.002,0.007,0.005,0.001
0.001,0.003,0.004,0.001,0.001,0.002,0.007,0.005,0.001
0.001,0.003,0.004,0.001,0.001,0.002,0.007,0.001,0.001
0.001,0.003,0.004,0.001,0.001,0.002,0.007,0.001,0.001
0.001,0.003,0.004,0.001,0.001,0.002,0.007,0.001,0.001
0.001,0.003,0.004,0.001,0.001,0.002,0.007,0.001,0.001
0.001,0.003,0.004,0.001,0.001,0.002,0.007,0.001,0.001
0.001,0.003,0.004,0.001,0.001,0.002,0.007,0.001,0.001
0.001,0.003,0.004,0.001,0.001,0.002,0.007,0.001,0.001
0.001,0.003,0.004,0.001,0.001,0.002,0.007,0.001,0.001
0.001,0.003,0.004,0.001,0.001,0.002,0.007,0.001,0.001
0.001,0.003,0.004,0.001,0.001,0.002,0.007,0.001,0.001
0.001,0.003,0.004,0.001,0.001,0.002,0.007,0.001,0.001
0.001,0.003,0.004,0.001,0.001,0.002,0.007,0.001,0.001
0.001,0.003,0.004,0.001,0.001,0.002,0.007,0.001,0.001
0.001,0.003,0.004,0.001,0.001,0.002,0.007,0.001,0.001
0.001,0.003,0.004,0.001,0.001,0.002,0.007,0.001,0.001
0.001,0.003,0.004,0.001,0.001,0.002,0.007,0.001,0.001
0.001,0.003,0.004,0.001,0.001,0.002,0.007,0.001,0.001
0.001,0.003,0.004,0.001,0.001,0.002,0.007,0.001,0.001
0.001,0.003,0.004,0.001,0.001,0.002,0.007,0.001,0.001
0.001,0.003,0.004,0.001,0.001,0.002,0.007,0.001,0.001
0.001,0.003,0.004,0.001,0.001,0.002,0.007,0.001,0.001
0.001,0.003,0.004,0.001,0.001,0.002,0.007,0.001,0.001
0.001,0.003,0.004,0.001,0.001,0.002,0.007,0.001,0.001
0.001,0.003,0.004,0.001,0.001,0.002,0.007,0.001,0.001
0.001,0.003,0.004,0.001,0.001,0.002,0.007,0.001,0.001
0.001,0.003,0.004,0.001,0.001,0.002,0.007,0.001,0.001
0.001,0.003,0.004,0.001,0.001,0.002,0.007,0.001,0.001
0.001,0.003,0.004,0.001,0.001,0.002,0.007,0.001,0.001
0.001,0.003,0.004,0.001,0.001,0.002,0.007,0.001,0.001
0.001,0.003,0.004,0.001,0.001,0.002,0.007,0.001,0.001
0.001,0.003,0.004,0.001,0.001,0.002,0.007,0.001,0.001
0.001,0.003,0.004,0.001,0.001,0.002,0.007,0.001,0.001
0.001,0.003,0.004,0.001,0.001,0.002,0.007,0.001,0.001
0.001,0.003,0.004,0.001,0.001,0.002,0.007,0.001,0.001
0.001,0.002,0.004,0.001,0.001,0.002,0.007,0.001,0.001
0.001,0.002,0.004,0.001,0.001,0.002,0.007,0.001,0.001
0.001,0.002,0.004,0.001,0.001,0.002,0.007,0.001,0.001
0.001,0.002,0.004,0.001,0.001,0.002,0.007,0.001,0.001
0.001,0.002,0.004,0.001,0.001,0.002,0.007,0.001,0.001
0.001,0.002,0.004,0.001,0.001,0.002,0.007,0.001,0.001
0.001,0.002,0.004,0.001,0.001,0.002,0.007,0.001,0.001
0.001,0.002,0.004,0.001,0.001,0.002,0.007,0.001,0.001
0.001,0.002,0.004,0.001,0.001,0.002,0.007,0.001,0.001
0.001,0.002,0.004,0.001,0.001,0.002,0.007,0.001,0.001
0.001,0.002,0.004,0.001,0.001,0.002,0.007,0.001,0.001
0.001,0.002,0.004,0.001,0.001,0.002,0.007,0.001,0.001
0.001,0.002,0.004,0.001,0.001,0.002,0.007,0.001,0.001
0.001,0.002,0.004,0.001,0.001,0.002,0.007,0.001,0.001
0.001,0.002,0.004,0.001,0.001,0.002,0.007,0.001,0.001
0.001,0.002,0.004,0.001,0.001,0.002,0.007,0.001,0.001
0.001,0.002,0.004,0.001,0.001,0.002,0.007,0.001,0.001
0.001,0.002,0.004,0.001,0.001,0.002,0.007,0.001,0.001
0.001,0.002,0.004,0.001,0.001,0.002,0.007,0.001,0.001
0.001,0.002,0.004,0.001,0.001,0.002,0.007,0.001,0.001
0.001,0.002,0.004,0.001,0.001,0.002,0.007,0.001,0.001
0.001,0.002,0.004,0.001,0.001,0.002,0.007,0.001,0.001
0.001,0.002,0.004,0.001,0.001,0.002,0.007,0.001,0.001
0.001,0.002,0.004,0.001,0.001,0.002,0.007,0.001,0.001
0.001,0.002,0.004,0.001,0.001,0.002,0.007,0.001,0.001
0.001,0.002,0.004,0.001,0.001,0.002,0.007,0.001,0.001
0.001,0.002,0.004,0.001,0.001,0.002,0.007,0.001,0.001
0.001,0.002,0.004,0.001,0.001,0.002,0.007,0.001,0.001
0.001,0.002,0.004,0.001,0.001,0.002,0.007,0.001,0.001
0.001,0.002,0.004,0.001,0.001,0.002,0.007,0.001,0.001
0.001,0.002,0.004,0.001,0.001,0.002,0.007,0.001,0.001
0.001,0.002,0.004,0.001,0.001,0.002,0.007,0.001,0.001
0.001,0.002,0.004,0.001,0.001,0.002,0.007,0.001,0.001
0.001,0.002,0.004,0.001,0.001,0.002,0.007,0.001,0.001
0.001,0.002,0.004,0.001,0.001,0.002,0.007,0.001,0.001
0.001,0.002,0.004,0.001,0.001,0.002,0.007,0.001,0.001
0.001,0.002,0.004,0.001,0.001,0.002,0.007,0.001,0.001
0.001,0.002,0.004,0.001,0.001,0.002,0.007,0.001,0.001
0.001,0.002,0.004,0.001,0.001,0.002,0.007,0.001,0.001
0.001,0.002,0.004,0.001,0.001,0.002,0.007,0.001,0.001
0.001,0.002,0.004,0.001,0.001,0.002,0.007,0.001,0.001
0.001,0.002,0.004,0.001,0.001,0.002,0.007,0.001,0.001
0.001,0.002,0.004,0.001,0.001,0.002,0.007,0.001,0.001
0.001,0.002,0.004,0.001,0.001,0.002,0.007,0.001,0.001
0.001,0.002,0.004,0.001,0.001,0.002,0.007,0.001,0.001
0.001,0.002,0.004,0.001,0.001,0.002,0.007,0.001,0.001
0.001,0.002,0.004,0.001,0.001,0.002,0.007,0.001,0.001
0.001,0.002,0.004,0.001,0.001,0.002,0.007,0.001,0.001
0.001,0.002,0.004,0.001,0.001,0.002,0.007,0.001,0.001
0.001,0.002,0.004,0.001,0.001,0.002,0.007,0.001,0.001
0.001,0.002,0.004,0.001,0.001,0.002,0.007,0.001,0.001
0.001,0.002,0.004,0.001,0.001,0.002,0.007,0.001,0.001
0.001,0.002,0.004,0.001,0.001,0.002,0.007,0.001,0.001
0.001,0.002,0.004,0.001,0.001,0.002,0.007,0.001,0.001
0.001,0.002,0.004,0.001,0.001,0.002,0.007,0.001,0.001
0.001,0.002,0.004,0.001,0.001,0.002,0.007,0.001,0.001
0.001,0.002,0.004,0.001,0.001,0.002,0.007,0.001,0.001
0.001,0.002,0.004,0.001,0.001,0.002,0.007,0.001,0.001
0.001,0.002,0.004,0.001,0.001,0.002,0.007,0.001,0.001
0.001,0.002,0.004,0.001,0.001,0.002,0.007,0.001,0.001
0.001,0.002,0.004,0.001,0.001,0.002,0.007,0.001,0.001
0.001,0.002,0.004,0.001,0.001,0.002,0.007,0.001,0.001
0.001,0.002,0.004,0.001,0.001,0.002,0.007,0.001,0.001
0.001,0.002,0.004,0.001,0.001,0.002,0.007,0.001,0.001
0.001,0.002,0.004,0.001,0.001,0.002,0.007,0.001,0.001
0.001,0.002,0.004,0.001,0.001,0.002,0.007,0.001,0.001
0.001,0.002,0.004,0.001,0.001,0.002,0.007,0.001,0.001
0.001,0.002,0.004,0.001,0.001,0.002,0.007,0.001,0.001
0.001,0.002,0.004,0.001,0.001,0.002,0.007,0.001,0.001
0.001,0.002,0.004,0.001,0.001,0.002,0.007,0.001,0.001
0.001,0.002,0.004,0.001,0.001,0.002,0.007,0.001,0.001
0.001,0.002,0.004,0.001,0.001,0.002,0.007,0.001,0.001
0.001,0.002,0.004,0.001,0.001,0.002,0.007,0.001,0.001
0.001,0.002,0.004,0.001,0.001,0.002,0.007,0.001,0.001
0.001,0.002,0.004,0.001,0.001,0.002,0.007,0.001,0.001
0.001,0.002,0.004,0.001,0.001,0.002,0.007,0.001,0.001
0.001,0.002,0.004,0.001,0.001,0.002,0.007,0.001,0.001
0.001,0.002,0.004,0.001,0.001,0.002,0.007,0.001,0.001
0.001,0.002,0.004,0.001,0.001,0.002,0.007,0.001,0.001
0.001,0.002,0.004,0.001,0.001,0.002,0.007,0.001,0.001
0.001,0.002,0.004,0.001,0.001,0.002,0.007,0.001,0.001
0.001,0.002,0.004,0.001,0.001,0.002,0.007,0.001,0.001
0.001,0.002,0.004,0.001,0.001,0.002,0.007,0.001,0.001
0.001,0.002,0.004,0.001,0.001,0.002,0.007,0.001,0.001
0.001,0.002,0.004,0.001,0.001,0.002,0.007,0.001,0.001
0.001,0.002,0.004,0.001,0.001,0.002,0.007,0.001,0.001
0.001,0.002,0.004,0.001,0.001,0.002,0.007,0.001,0.001
0.001,0.002,0.004,0.001,0.001,0.002,0.007,0.001,0.001
0.001,0.002,0.004,0.001,0.001,0.002,0.007,0.001,0.001
0.001,0.002,0.004,0.001,0.001,0.002,0.007,0.001,0.001
0.001,0.002,0.004,0.001,0.001,0.002,0.007,0.001,0.001
0.001,0.002,0.004,0.001,0.001,0.002,0.007,0.001,0.001
0.001,0.002,0.004,0.001,0.001,0.002,0.007,0.001,0.001
0.001,0.002,0.004,0.001,0.001,0.002,0.007,0.001,0.001
0.001,0.002,0.004,0.001,0.001,0.002,0.007,0.001,0.001
0.001,0.002,0.004,0.001,0.001,0.002,0.007,0.001,0.001
0.001,0.002,0.004,0.001,0.001,0.002,0.007,0.001,0.001
0.001,0.002,0.004,0.001,0.001,0.002,0.007,0.001,0.001
0.001,0.002,0.004,0.001,0.001,0.002,0.007,0.001,0.001
0.001,0.002,0.004,0.001,0.001,0.002,0.007,0.001,0.001
0.001,0.002,0.004,0.001,0.001,0.002,0.007,0.001,0.001
0.001,0.002,0.004,0.001,0.001,0.002,0.007,0.001,0.001
0.001,0.002,0.004,0.001,0.001,0.002,0.007,0.001,0.001
0.001,0.002,0.004,0.001,0.001,0.002,0.007,0.001,0.001
0.001,0.002,0.004,0.001,0.001,0.002,0.007,0.001,0.001
0.001,0.002,0.004,0.001,0.001,0.002,0.007,0.001,0.001
0.001,0.002,0.004,0.001,0.001,0.002,0.007,0.001,0.001
0.001,0.002,0.004,0.001,0.001,0.002,0.007,0.001,0.001
0.001,0.002,0.004,0.001,0.001,0.002,0.007,0.001,0.001
0.001,0.002,0.004,0.001,0.001,0.002,0.007,0.001,0.001
0.001,0.002,0.004,0.001,0.001,0.002,0.007,0.001,0.001
0.001,0.002,0.004,0.001,0.001,0.002,0.007,0.001,0.001
0.001,0.002,0.004,0.001,0.001,0.002,0.007,0.001,0.001
0.001,0.002,0.004,0.001,0.001,0.002,0.007,0.001,0.001
0.001,0.002,0.004,0.001,0.001,0.002,0.007,0.001,0.001
0.001,0.002,0.004,0.001,0.001,0.002,0.007,0.001,0.001
0.001,0.002,0.004,0.001,0.001,0.002,0.007,0.001,0.001
0.001,0.002,0.004,0.001,0.001,0.002,0.007,0.001,0.001
0.001,0.002,0.004,0.001,0.001,0.002,0.007,0.001,0.001
0.001,0.002,0.004,0.001,0.001,0.002,0.007,0.001,0.001
0.001,0.002,0.004,0.001,0.001,0.002,0.007,0.001,0.001
0.001,0.002,0.004,0.001,0.001,0.002,0.007,0.001,0.001
0.001,0.002,0.004,0.001,0.001,0.002,0.007,0.001,0.001
0.001,0.002,0.004,0.001,0.001,0.002,0.007,0.001,0.001
0.001,0.002,0.004,0.001,0.001,0.002,0.007,0.001,0.001
0.001,0.002,0.004,0.001,0.001,0.002,0.007,0.001,0.001
0.001,0.002,0.004,0.001,0.001,0.002,0.007,0.001,0.001
0.001,0.002,0.004,0.001,0.001,0.002,0.007,0.001,0.001
0.001,0.002,0.004,0.001,0.001,0.002,0.007,0.001,0.001
0.001,0.002,0.004,0.001,0.001,0.002,0.007,0.001,0.001
0.001,0.002,0.004,0.001,0.001,0.002,0.007,0.001,0.001
0.001,0.002,0.004,0.001,0.001,0.002,0.007,0.001,0.001
0.001,0.002,0.003,0.001,0.001,0.002,0.007,0.001,0.001
0.001,0.002,0.003,0.001,0.001,0.002,0.007,0.001,0.001
0.001,0.002,0.003,0.001,0.001,0.002,0.007,0.001,0.001
0.001,0.002,0.003,0.001,0.001,0.002,0.007,0.001,0.001
0.001,0.002,0.001,0.001,0.001,0.002,0.007,0.001,0.001
0.001,0.002,0.001,0.001,0.001,0.002,0.007,0.001,0.001
0.001,0.002,0.001,0.001,0.001,0.002,0.007,0.001,0.001
0.001,0.002,0.001,0.001,0.001,0.002,0.007,0.001,0.001
0.001,0.002,0.001,0.001,0.001,0.002,0.007,0.001,0.001
0.001,0.002,0.001,0.001,0.001,0.002,0.007,0.001,0.001
0.001,0.002,0.001,0.001,0.001,0.002,0.007,0.001,0.001
0.001,0.002,0.001,0.001,0.001,0.002,0.007,0.001,0.001
0.001,0.002,0.001,0.001,0.001,0.002,0.007,0.001,0.001
0.001,0.002,0.001,0.001,0.001,0.002,0.007,0.001,0.001
0.001,0.002,0.001,0.001,0.001,0.002,0.007,0.001,0.001
0.001,0.002,0.001,0.001,0.001,0.002,0.007,0.001,0.001
0.001,0.002,0.001,0.001,0.001,0.002,0.007,0.001,0.001
0.001,0.002,0.001,0.001,0.001,0.001,0.007,0.001,0.001
0.001,0.002,0.001,0.001,0.001,0.001,0.007,0.001,0.001
0.001,0.002,0.001,0.001,0.001,0.001,0.007,0.001,0.001
0.001,0.002,0.001,0.001,0.001,0.001,0.007,0.001,0.001
0.001,0.002,0.001,0.001,0.001,0.001,0.007,0.001,0.001
0.001,0.002,0.001,0.001,0.001,0.001,0.007,0.001,0.001
0.001,0.002,0.001,0.001,0.001,0.001,0.007,0.001,0.001
0.001,0.002,0.001,0.001,0.001,0.001,0.007,0.001,0.001
0.001,0.002,0.001,0.001,0.001,0.001,0.007,0.001,0.001
0.001,0.002,0.001,0.001,0.001,0.001,0.007,0.001,0.001
0.001,0.002,0.001,0.001,0.001,0.001,0.007,0.001,0.001
0.001,0.002,0.001,0.001,0.001,0.001,0.007,0.001,0.001
0.001,0.002,0.001,0.001,0.001,0.001,0.007,0.001,0.001
0.001,0.002,0.001,0.001,0.001,0.001,0.007,0.001,0.001
0.001,0.002,0.001,0.001,0.001,0.001,0.007,0.001,0.001
0.001,0.002,0.001,0.001,0.001,0.001,0.007,0.001,0.001
0.001,0.002,0.001,0.001,0.001,0.001,0.007,0.001,0.001
0.001,0.002,0.001,0.001,0.001,0.001,0.007,0.001,0.001
0.001,0.002,0.001,0.001,0.001,0.001,0.007,0.001,0.001
0.001,0.002,0.001,0.001,0.001,0.001,0.007,0.001,0.001
0.001,0.002,0.001,0.001,0.001,0.001,0.007,0.001,0.001
0.001,0.002,0.001,0.001,0.001,0.001,0.007,0.001,0.001
0.001,0.002,0.001,0.001,0.001,0.001,0.007,0.001,0.001
0.001,0.002,0.001,0.001,0.001,0.001,0.007,0.001,0.001
0.001,0.002,0.001,0.001,0.001,0.001,0.007,0.001,0.001
0.001,0.002,0.001,0.001,0.001,0.001,0.007,0.001,0.001
0.001,0.002,0.001,0.001,0.001,0.001,0.007,0.001,0.001
0.001,0.002,0.001,0.001,0.001,0.001,0.007,0.001,0.001
0.001,0.002,0.001,0.001,0.001,0.001,0.007,0.001,0.001
0.001,0.002,0.001,0.001,0.001,0.001,0.007,0.001,0.001
0.001,0.002,0.001,0.001,0.001,0.001,0.007,0.001,0.001
0.001,0.002,0.001,0.001,0.001,0.001,0.007,0.001,0.001
0.001,0.002,0.001,0.001,0.001,0.001,0.007,0.001,0.001
0.001,0.002,0.001,0.001,0.001,0.001,0.007,0.001,0.001
0.001,0.002,0.001,0.001,0.001,0.001,0.007,0.001,0.001
0.001,0.002,0.001,0.001,0.001,0.001,0.007,0.001,0.001
0.001,0.002,0.001,0.001,0.001,0.001,0.007,0.001,0.001
0.001,0.002,0.001,0.001,0.001,0.001,0.007,0.001,0.001
0.001,0.002,0.001,0.001,0.001,0.001,0.007,0.001,0.001
0.001,0.002,0.001,0.001,0.001,0.001,0.007,0.001,0.001
0.001,0.002,0.001,0.001,0.001,0.001,0.007,0.001,0.001
0.001,0.002,0.001,0.001,0.001,0.001,0.007,0.001,0.001
0.001,0.002,0.001,0.001,0.001,0.001,0.007,0.001,0.001
0.001,0.002,0.001,0.001,0.001,0.001,0.007,0.001,0.001
0.001,0.002,0.001,0.001,0.001,0.001,0.007,0.001,0.001
0.001,0.002,0.001,0.001,0.001,0.001,0.007,0.001,0.001
0.001,0.002,0.001,0.001,0.001,0.001,0.007,0.001,0.001
0.001,0.002,0.001,0.001,0.001,0.001,0.007,0.001,0.001
0.001,0.002,0.001,0.001,0.001,0.001,0.007,0.001,0.001
0.001,0.001,0.001,0.001,0.001,0.001,0.007,0.001,0.001
0.001,0.001,0.001,0.001,0.001,0.001,0.007,0.001,0.001
0.001,0.001,0.001,0.001,0.001,0.001,0.007,0.001,0.001
0.001,0.001,0.001,0.001,0.001,0.001,0.007,0.001,0.001
0.001,0.001,0.001,0.001,0.001,0.001,0.007,0.001,0.001
0.001,0.001,0.001,0.001,0.001,0.001,0.007,0.001,0.001
0.001,0.001,0.001,0.001,0.001,0.001,0.007,0.001,0.001
0.001,0.001,0.001,0.001,0.001,0.001,0.007,0.001,0.001
0.001,0.001,0.001,0.001,0.001,0.001,0.007,0.001,0.001
0.001,0.001,0.001,0.001,0.001,0.001,0.007,0.001,0.001
0.001,0.001,0.001,0.001,0.001,0.001,0.007,0.001,0.001
0.001,0.001,0.001,0.001,0.001,0.001,0.007,0.001,0.001
0.001,0.001,0.001,0.001,0.001,0.001,0.007,0.001,0.001
0.001,0.001,0.001,0.001,0.001,0.001,0.007,0.001,0.001
0.001,0.001,0.001,0.001,0.001,0.001,0.007,0.001,0.001
0.001,0.001,0.001,0.001,0.001,0.001,0.007,0.001,0.001
0.001,0.001,0.001,0.001,0.001,0.001,0.007,0.001,0.001
0.001,0.001,0.001,0.001,0.001,0.001,0.007,0.001,0.001
0.001,0.001,0.001,0.001,0.001,0.001,0.007,0.001,0.001
0.001,0.001,0.001,0.001,0.001,0.001,0.007,0.001,0.001
0.001,0.001,0.001,0.001,0.001,0.001,0.007,0.001,0.001
0.001,0.001,0.001,0.001,0.001,0.001,0.007,0.001,0.001
0.001,0.001,0.001,0.001,0.001,0.001,0.007,0.001,0.001
0.001,0.001,0.001,0.001,0.001,0.001,0.007,0.001,0.001
0.001,0.001,0.001,0.001,0.001,0.001,0.007,0.001,0.001
0.001,0.001,0.001,0.001,0.001,0.001,0.007,0.001,0.001
0.001,0.001,0.001,0.001,0.001,0.001,0.007,0.001,0.001
0.001,0.001,0.001,0.001,0.001,0.001,0.007,0.001,0.001
0.001,0.001,0.001,0.001,0.001,0.001,0.007,0.001,0.001
0.001,0.001,0.001,0.001,0.001,0.001,0.007,0.001,0.001
0.001,0.001,0.001,0.001,0.001,0.001,0.007,0.001,0.001
0.001,0.001,0.001,0.001,0.001,0.001,0.007,0.001,0.001
0.001,0.001,0.001,0.001,0.001,0.001,0.007,0.001,0.001
0.001,0.001,0.001,0.001,0.001,0.001,0.007,0.001,0.001
0.001,0.001,0.001,0.001,0.001,0.001,0.007,0.001,0.001
0.001,0.001,0.001,0.001,0.001,0.001,0.006,0.001,0.001
0.001,0.001,0.001,0.001,0.001,0.001,0.006,0.001,0.001
0.001,0.001,0.001,0.001,0.001,0.001,0.002,0.001,0.001
0.001,0.001,0.001,0.001,0.001,0.001,0.002,0.001,0.001
0.001,0.001,0.001,0.001,0.001,0.001,0.002,0.001,0.001
0.001,0.001,0.001,0.001,0.001,0.001,0.002,0.001,0.001
0.001,0.001,0.001,0.001,0.001,0.001,0.002,0.001,0.001
0.001,0.001,0.001,0.001,0.001,0.001,0.002,0.001,0.001
0.001,0.001,0.001,0.001,0.001,0.001,0.002,0.001,0.001
0.001,0.001,0.001,0.001,0.001,0.001,0.002,0.001,0.001
0.001,0.001,0.001,0.001,0.001,0.001,0.002,0.001,0.001
0.001,0.001,0.001,0.001,0.001,0.001,0.002,0.001,0.001
0.001,0.001,0.001,0.001,0.001,0.001,0.002,0.001,0.001
0.001,0.001,0.001,0.001,0.001,0.001,0.002,0.001,0.001
0.001,0.001,0.001,0.001,0.001,0.001,0.002,0.001,0.001
0.001,0.001,0.001,0.001,0.001,0.001,0.002,0.001,0.001
0.001,0.001,0.001,0.001,0.001,0.001,0.002,0.001,0.001
0.001,0.001,0.001,0.001,0.001,0.001,0.002,0.001,0.001
0.001,0.001,0.001,0.001,0.001,0.001,0.002,0.001,0.001
0.001,0.001,0.001,0.001,0.001,0.001,0.002,0.001,0.001
0.001,0.001,0.001,0.001,0.001,0.001,0.002,0.001,0.001
0.001,0.001,0.001,0.001,0.001,0.001,0.002,0.001,0.001
0.001,0.001,0.001,0.001,0.001,0.001,0.002,0.001,0.001
0.001,0.001,0.001,0.001,0.001,0.001,0.002,0.001,0.001
0.001,0.001,0.001,0.001,0.001,0.001,0.002,0.001,0.001
0.001,0.001,0.001,0.001,0.001,0.001,0.002,0.001,0.001
0.001,0.001,0.001,0.001,0.001,0.001,0.002,0.001,0.001
0.001,0.001,0.001,0.001,0.001,0.001,0.002,0.001,0.001
0.001,0.001,0.001,0.001,0.001,0.001,0.002,0.001,0.001
0.001,0.001,0.001,0.001,0.001,0.001,0.002,0.001,0.001
0.001,0.001,0.001,0.001,0.001,0.001,0.002,0.001,0.001
0.001,0.001,0.001,0.001,0.001,0.001,0.002,0.001,0.001
0.001,0.001,0.001,0.001,0.001,0.001,0.002,0.001,0.001
0.001,0.001,0.001,0.001,0.001,0.001,0.002,0.001,0.001
0.001,0.001,0.001,0.001,0.001,0.001,0.002,0.001,0.001
0.001,0.001,0.001,0.001,0.001,0.001,0.002,0.001,0.001
0.001,0.001,0.001,0.001,0.001,0.001,0.002,0.001,0.001
0.001,0.001,0.001,0.001,0.001,0.001,0.002,0.001,0.001
0.001,0.001,0.001,0.001,0.001,0.001,0.002,0.001,0.001
0.001,0.001,0.001,0.001,0.001,0.001,0.002,0.001,0.001
0.001,0.001,0.001,0.001,0.001,0.001,0.002,0.001,0.001
0.001,0.001,0.001,0.001,0.001,0.001,0.002,0.001,0.001
0.001,0.001,0.001,0.001,0.001,0.001,0.002,0.001,0.001
0.001,0.001,0.001,0.001,0.001,0.001,0.002,0.001,0.001
0.001,0.001,0.001,0.001,0.001,0.001,0.002,0.001,0.001
0.001,0.001,0.001,0.001,0.001,0.001,0.002,0.001,0.001
0.001,0.001,0.001,0.001,0.001,0.001,0.002,0.001,0.001
0.001,0.001,0.001,0.001,0.001,0.001,0.002,0.001,0.001
0.001,0.001,0.001,0.001,0.001,0.001,0.002,0.001,0.001
0.001,0.001,0.001,0.001,0.001,0.001,0.002,0.001,0.001
0.001,0.001,0.001,0.001,0.001,0.001,0.002,0.001,0.001
0.001,0.001,0.001,0.001,0.001,0.001,0.002,0.001,0.001
0.001,0.001,0.001,0.001,0.001,0.001,0.002,0.001,0.001
0.001,0.001,0.001,0.001,0.001,0.001,0.002,0.001,0.001
0.001,0.001,0.001,0.001,0.001,0.001,0.002,0.001,0.001
0.001,0.001,0.001,0.001,0.001,0.001,0.002,0.001,0.001
0.001,0.001,0.001,0.001,0.001,0.001,0.002,0.001,0.001
0.001,0.001,0.001,0.001,0.001,0.001,0.002,0.001,0.001
0.001,0.001,0.001,0.001,0.001,0.001,0.002,0.001,0.001
0.001,0.001,0.001,0.001,0.001,0.001,0.002,0.001,0.001
0.001,0.001,0.001,0.001,0.001,0.001,0.002,0.001,0.001
0.001,0.001,0.001,0.001,0.001,0.001,0.002,0.001,0.001
0.001,0.001,0.001,0.001,0.001,0.001,0.002,0.001,0.001
0.001,0.001,0.001,0.001,0.001,0.001,0.002,0.001,0.001
0.001,0.001,0.001,0.001,0.001,0.001,0.002,0.001,0.001
0.001,0.001,0.001,0.001,0.001,0.001,0.002,0.001,0.001
0.001,0.001,0.001,0.001,0.001,0.001,0.002,0.001,0.001
0.001,0.001,0.001,0.001,0.001,0.001,0.002,0.001,0.001
0.001,0.001,0.001,0.001,0.001,0.001,0.002,0.001,0.001
0.001,0.001,0.001,0.001,0.001,0.001,0.002,0.001,0.001
0.001,0.001,0.001,0.001,0.001,0.001,0.002,0.001,0.001
0.001,0.001,0.001,0.001,0.001,0.001,0.001,0.001,0.001
0.001,0.001,0.001,0.001,0.001,0.001,0.001,0.001,0.001
0.001,0.001,0.001,0.001,0.001,0.001,0.001,0.001,0.001
0.001,0.001,0.001,0.001,0.001,0.001,0.001,0.001,0.001
0.001,0.001,0.001,0.001,0.001,0.001,0.001,0.001,0.001
0.001,0.001,0.001,0.001,0.001,0.001,0.001,0.001,0.001
0.001,0.001,0.001,0.001,0.001,0.001,0.001,0.001,0.001
0.001,0.001,0.001,0.001,0.001,0.001,0.001,0.001,0.001
0.001,0.001,0.001,0.001,0.001,0.001,0.001,0.001,0.001
0.001,0.001,0.001,0.001,0.001,0.001,0.001,0.001,0.001
0.001,0.001,0.001,0.001,0.001,0.001,0.001,0.001,0.001
0.001,0.001,0.001,0.001,0.001,0.001,0.001,0.001,0.001
0.001,0.001,0.001,0.001,0.001,0.001,0.001,0.001,0.001
0.001,0.001,0.001,0.001,0.001,0.001,0.001,0.001,0.001
0.001,0.001,0.001,0.001,0.001,0.001,0.001,0.001,0.001
0.001,0.001,0.001,0.001,0.001,0.001,0.001,0.001,0.001
0.001,0.001,0.001,0.001,0.001,0.001,0.001,0.001,0.001
0.001,0.001,0.001,0.001,0.001,0.001,0.001,0.001,0.001
0.001,0.001,0.001,0.001,0.001,0.001,0.001,0.001,0.001
0.001,0.001,0.001,0.001,0.001,0.001,0.001,0.001,0.001
0.001,0.001,0.001,0.001,0.001,0.001,0.001,0.001,0.001
0.001,0.001,0.001,0.001,0.001,0.001,0.001,0.001,0.001
0.001,0.001,0.001,0.001,0.001,0.001,0.001,0.001,0.001
0.001,0.001,0.001,0.001,0.001,0.001,0.001,0.001,0.001
0.001,0.001,0.001,0.001,0.001,0.001,0.001,0.001,0.001
0.001,0.001,0.001,0.001,0.001,0.001,0.001,0.001,0.001
0.001,0.001,0.001,0.001,0.001,0.001,0.001,0.001,0.001
0.001,0.001,0.001,0.001,0.001,0.001,0.001,0.001,0.001
0.001,0.001,0.001,0.001,0.001,0.001,0.001,0.001,0.001
0.001,0.001,0.001,0.001,0.001,0.001,0.001,0.001,0.001
0.001,0.001,0.001,0.001,0.001,0.001,0.001,0.001,0.001
0.001,0.001,0.001,0.001,0.001,0.001,0.001,0.001,0.001
0.001,0.001,0.001,0.001,0.001,0.001,0.001,0.001,0.001
0.001,0.001,0.001,0.001,0.001,0.001,0.001,0.001,0.001
0.001,0.001,0.001,0.001,0.001,0.001,0.001,0.001,0.001
0.001,0.001,0.001,0.001,0.001,0.001,0.001,0.001,0.001
0.001,0.001,0.001,0.001,0.001,0.001,0.001,0.001,0.001
0.001,0.001,0.001,0.001,0.001,0.001,0.001,0.001,0.001
0.001,0.001,0.001,0.001,0.001,0.001,0.001,0.001,0.001
0.001,0.001,0.001,0.001,0.001,0.001,0.001,0.001,0.001
0.001,0.001,0.001,0.001,0.001,0.001,0.001,0.001,0.001
0.001,0.001,0.001,0.001,0.001,0.001,0.001,0.001,0.001
0.001,0.001,0.001,0.001,0.001,0.001,0.001,0.001,0.001
0.001,0.001,0.001,0.001,0.001,0.001,0.001,0.001,0.001
0.001,0.001,0.001,0.001,0.001,0.001,0.001,0.001,0.001
0.001,0.001,0.001,0.001,0.001,0.001,0.001,0.001,0.001
0.001,0.001,0.001,0.001,0.001,0.001,0.001,0.001,0.001
0.001,0.001,0.001,0.001,0.001,0.001,0.001,0.001,0.001
0.001,0.001,0.001,0.001,0.001,0.001,0.001,0.001,0.001
0.001,0.001,0.001,0.001,0.001,0.001,0.001,0.001,0.001
0.001,0.001,0.001,0.001,0.001,0.001,0.001,0.001,0.001
0.001,0.001,0.001,0.001,0.001,0.001,0.001,0.001,0.001
0.001,0.001,0.001,0.001,0.001,0.001,0.001,0.001,0.001
0.001,0.001,0.001,0.001,0.001,0.001,0.001,0.001,0.001
0.001,0.001,0.001,0.001,0.001,0.001,0.001,0.001,0.001
0.001,0.001,0.001,0.001,0.001,0.001,0.001,0.001,0.001
0.001,0.001,0.001,0.001,0.001,0.001,0.001,0.001,0.001
0.001,0.001,0.001,0.001,0.001,0.001,0.001,0.001,0.001
0.001,0.001,0.001,0.001,0.001,0.001,0.001,0.001,0.001
0.001,0.001,0.001,0.001,0.001,0.001,0.001,0.001,0.001
0.001,0.001,0.001,0.001,0.001,0.001,0.001,0.001,0.001
0.001,0.001,0.001,0.001,0.001,0.001,0.001,0.001,0.001
0.001,0.001,0.001,0.001,0.001,0.001,0.001,0.001,0.001
0.001,0.001,0.001,0.001,0.001,0.001,0.001,0.001,0.001
0.001,0.001,0.001,0.001,0.001,0.001,0.001,0.001,0.001
0.001,0.001,0.001,0.001,0.001,0.001,0.001,0.001,0.001
0.001,0.001,0.001,0.001,0.001,0.001,0.001,0.001,0.001
0.001,0.001,0.001,0.001,0.001,0.001,0.001,0.001,0.001
0.001,0.001,0.001,0.001,0.001,0.001,0.001,0.001,0.001
0.001,0.001,0.001,0.001,0.001,0.001,0.001,0.001,0.001
0.001,0.001,0.001,0.001,0.001,0.001,0.001,0.001,0.001
0.001,0.001,0.001,0.001,0.001,0.001,0.001,0.001,0.001
0.001,0.001,0.001,0.001,0.001,0.001,0.001,0.001,0.001
0.001,0.001,0.001,0.001,0.001,0.001,0.001,0.001,0.001
0.001,0.001,0.001,0.001,0.001,0.001,0.001,0.001,0.001
0.001,0.001,0.001,0.001,0.001,0.001,0.001,0.001,0.001
0.001,0.001,0.001,0.001,0.001,0.001,0.001,0.001,0.001
